uce-1001.tre	0.00260743	2.72972	0.0277777777778
uce-1009.tre	0.0176391	4.72795	0.175925925926
uce-101.tre	0.00544899	6.09004	0.138888888889
uce-1015.tre	0.130279	13.9458	0.287037037037
uce-1035.tre	0.0457252	3.36199	0.212962962963
uce-1040.tre	0.108776	2.24201	0.296296296296
uce-1046.tre	0.0267346	7.06654	0.240740740741
uce-1050.tre	0.00260862	0.366558	0.0740740740741
uce-1062.tre	0.000000000000313718	0.321801	0.12037037037
uce-1073.tre	0.021003	2.30591	0.296296296296
uce-1074.tre	0.00667278	3.5932	0.240740740741
uce-1075.tre	0.00000787117	0.163575	0.0277777777778
uce-1080.tre	0.000000000000146114	0.197391	0.0648148148148
uce-1082.tre	0.0206796	6.53996	0.203703703704
uce-1086.tre	0.000814202	1.33814	0.175925925926
uce-1091.tre	0.0140824	4.63063	0.388888888889
uce-1093.tre	0.0189973	6.65482	0.25
uce-1096.tre	0.0147907	4.40099	0.296296296296
uce-110.tre	0.00258618	2.72353	0.277777777778
uce-1101.tre	0.0116334	6.11613	0.37037037037
uce-1118.tre	0.00545506	4.58947	0.37962962963
uce-1122.tre	0.000731893	1.60543	0.175925925926
uce-1126.tre	0.0476963	0.924547	0.101851851852
uce-1132.tre	0.000872987	0.146031	0.333333333333
uce-1135.tre	0.0581436	7.41469	0.305555555556
uce-1136.tre	0.00338408	2.83057	0.37962962963
uce-1137.tre	0.0786162	3.25912	0.148148148148
uce-1142.tre	0.00289926	2.495	0.175925925926
uce-1146.tre	0.0148323	7.42679	0.407407407407
uce-116.tre	0.0148893	7.27894	0.203703703704
uce-1160.tre	0.0400857	5.47878	0.12037037037
uce-1165.tre	0.00538923	4.34352	0.194444444444
uce-1179.tre	0.00291132	3.44951	0.305555555556
uce-1181.tre	0.0577116	6.38528	0.268518518519
uce-1183.tre	0.0000721609	0.550489	0.0740740740741
uce-1184.tre	0.0100709	4.72385	0.324074074074
uce-1186.tre	0.00027957	1.45939	0.111111111111
uce-1187.tre	0.0000267174	0.0785487	0.0185185185185
uce-1196.tre	0.0461644	6.04583	0.277777777778
uce-1205.tre	1.50011	5.88672	0.240740740741
uce-1206.tre	0.0429676	10.0097	0.296296296296
uce-121.tre	0.00162524	1.59261	0.240740740741
uce-1219.tre	0.00386451	3.13485	0.194444444444
uce-1224.tre	0.00345136	3.40356	0.12962962963
uce-1225.tre	0.00171923	3.12586	0.0925925925926
uce-1228.tre	0.00116319	1.50749	0.138888888889
uce-1230.tre	0.127483	0.984593	0.212962962963
uce-1232.tre	0.00991271	5.54939	0.37037037037
uce-1242.tre	0.0049967	4.55925	0.296296296296
uce-1243.tre	0.00139523	1.56676	0.277777777778
uce-1244.tre	0.00626732	4.8896	0.166666666667
uce-1249.tre	0.000154787	15.6147	0.0833333333333
uce-1256.tre	0.0255575	9.452	0.398148148148
uce-126.tre	0.0418643	7.31798	0.305555555556
uce-1267.tre	0.00104332	2.89172	0.25
uce-127.tre	0.000670489	0.679644	0.0185185185185
uce-1270.tre	0.0390747	7.316	0.314814814815
uce-1273.tre	0.00385889	4.44518	0.324074074074
uce-1279.tre	0.00917955	0.542925	0.259259259259
uce-1288.tre	0.0192999	20.9153	0.277777777778
uce-129.tre	0.153648	6.34293	0.203703703704
uce-1301.tre	0.00969768	4.84373	0.166666666667
uce-1308.tre	0.00325808	2.41293	0.138888888889
uce-1310.tre	0.00609614	4.21059	0.0833333333333
uce-1312.tre	0.0052626	2.61336	0.212962962963
uce-1320.tre	0.0499329	7.78812	0.185185185185
uce-1323.tre	0.0200664	7.39599	0.333333333333
uce-1325.tre	0.000220379	0.995701	0.0462962962963
uce-1332.tre	0.00409986	2.71648	0.175925925926
uce-1335.tre	0.00255809	3.46551	0.212962962963
uce-1337.tre	0.05063	9.13695	0.212962962963
uce-139.tre	0.0260055	1.8203	0.111111111111
uce-143.tre	0.00460624	2.52707	0.148148148148
uce-149.tre	0.00560051	7.60169	0.222222222222
uce-150.tre	0.00504331	2.59119	0.0925925925926
uce-152.tre	0.00827881	5.17586	0.138888888889
uce-153.tre	0.000410194	0.0405087	0.388888888889
uce-155.tre	0.00354155	2.10718	0.0462962962963
uce-16.tre	0.0000865065	0.340464	0.0925925925926
uce-160.tre	0.00234714	1.75246	0.194444444444
uce-161.tre	0.00184753	3.29348	0.194444444444
uce-163.tre	0.00200459	1.96538	0.148148148148
uce-167.tre	0.016769	9.94947	0.305555555556
uce-18.tre	0.0122845	41.699	0.314814814815
uce-180.tre	0.0024833	0.0996691	0.0277777777778
uce-183.tre	0.00109177	0.915708	0.111111111111
uce-19.tre	0.327453	9.43751	0.259259259259
uce-199.tre	0.0280205	9.08443	0.259259259259
uce-2.tre	0.00472221	3.94571	0.287037037037
uce-201.tre	0.0377846	6.48744	0.25
uce-204.tre	0.00125088	0.429548	0.0555555555556
uce-218.tre	0.0614486	9.26061	0.175925925926
uce-220.tre	0.162059	14.1587	0.361111111111
uce-227.tre	0.0193321	7.69359	0.25
uce-231.tre	0.00658061	4.73208	0.0925925925926
uce-232.tre	0.0222883	8.01696	0.259259259259
uce-235.tre	0.000000000000245217	3.09472	0.0462962962963
uce-238.tre	0.0276284	26.8036	0.222222222222
uce-239.tre	0.00793837	4.32448	0.157407407407
uce-251.tre	0.00940148	3.06221	0.287037037037
uce-252.tre	0.105529	6.00357	0.25
uce-253.tre	0.00108799	1.42683	0.0462962962963
uce-259.tre	0.0622216	31.1794	0.296296296296
uce-261.tre	0.00858583	0.670225	0.157407407407
uce-275.tre	0.0132508	3.5323	0.314814814815
uce-28.tre	0.0000000000000616286	0.991204	0.0555555555556
uce-287.tre	0.0291051	7.04112	0.351851851852
uce-288.tre	0.0360234	6.96307	0.185185185185
uce-289.tre	0.000245776	0.39635	0.0462962962963
uce-295.tre	0.00258879	3.43428	0.138888888889
uce-299.tre	0.00030776	0.285647	0.0833333333333
uce-3.tre	0.00187975	1.94122	0.351851851852
uce-30.tre	0.0101185	5.90402	0.166666666667
uce-302.tre	0.357472	3.00314	0.212962962963
uce-305.tre	0	0.000000983878	0.00925925925926
uce-307.tre	0.000000000000138208	0.200001	0.0277777777778
uce-309.tre	0.000603245	1.10535	0.203703703704
uce-31.tre	0.00000529071	0.214823	0.0555555555556
uce-311.tre	0.00000911632	1.67309	0.0833333333333
uce-314.tre	0.00662127	10.3973	0.212962962963
uce-315.tre	0.000000000000275867	0.148788	0.0185185185185
uce-316.tre	0.000970335	1.46309	0.111111111111
uce-318.tre	0.0290965	10.0869	0.296296296296
uce-319.tre	0.00439949	2.21202	0.12037037037
uce-321.tre	0.0228105	4.73448	0.203703703704
uce-323.tre	0.00187303	1.78704	0.231481481481
uce-325.tre	0.000981194	2.76247	0.212962962963
uce-330.tre	0.000140038	0.319564	0.0185185185185
uce-331.tre	0.0128317	5.82069	0.296296296296
uce-332.tre	0.00166344	1.43005	0.12037037037
uce-333.tre	0.013892	5.62865	0.361111111111
uce-334.tre	0.0065869	3.51605	0.148148148148
uce-335.tre	0.0160113	2.34684	0.212962962963
uce-34.tre	0.000000000000334587	1.02881	0.0277777777778
uce-341.tre	0.00260214	2.54831	0.037037037037
uce-345.tre	0.059511	10.2486	0.37962962963
uce-346.tre	0.0577305	8.17243	0.166666666667
uce-348.tre	0.0314804	8.83922	0.333333333333
uce-358.tre	0.0103034	1.34547	0.203703703704
uce-363.tre	0.00836181	0.866892	0.138888888889
uce-365.tre	0.00113507	0.309382	0.25
uce-37.tre	0.00111658	1.48907	0.222222222222
uce-371.tre	0.0000153664	0.636464	0.12037037037
uce-373.tre	0.0752366	0.975736	0.157407407407
uce-376.tre	0.016721	4.06574	0.157407407407
uce-377.tre	0.0339667	6.35433	0.37962962963
uce-378.tre	0.000775768	1.09365	0.111111111111
uce-387.tre	0.0117526	6.19594	0.240740740741
uce-388.tre	0.00221838	1.30742	0.0925925925926
uce-390.tre	0.0062971	6.59298	0.287037037037
uce-392.tre	0.0916123	12.3132	0.222222222222
uce-393.tre	0.20515	15.7108	0.166666666667
uce-401.tre	0.0208581	5.91942	0.166666666667
uce-405.tre	0.000394984	0.86985	0.0925925925926
uce-411.tre	0.00450378	2.75095	0.185185185185
uce-414.tre	0.0071836	1.55916	0.148148148148
uce-416.tre	0.00194888	1.51801	0.12037037037
uce-420.tre	0.000000777668	0.888098	0.175925925926
uce-422.tre	0.0148416	6.70609	0.361111111111
uce-434.tre	0.0235346	7.97107	0.37037037037
uce-435.tre	0.00268931	3.409	0.212962962963
uce-438.tre	0.01648	6.13866	0.231481481481
uce-442.tre	0.00281148	5.12375	0.148148148148
uce-444.tre	0.000679247	2.23809	0.175925925926
uce-454.tre	0.00194327	2.06786	0.037037037037
uce-464.tre	0.12058	2.54727	0.175925925926
uce-466.tre	0.00445053	1.33531	0.037037037037
uce-468.tre	0.0373628	8.32192	0.453703703704
uce-469.tre	0.00000325621	0.609057	0.037037037037
uce-472.tre	0.0053036	4.12138	0.111111111111
uce-473.tre	0.022887	0.860335	0.185185185185
uce-482.tre	0.00919305	3.99312	0.268518518519
uce-485.tre	0.0373373	8.82274	0.0740740740741
uce-486.tre	0.0660903	10.356	0.259259259259
uce-489.tre	0.00924979	0.238782	0.259259259259
uce-49.tre	0.00193009	2.24997	0.324074074074
uce-494.tre	0.0135945	3.85914	0.37962962963
uce-496.tre	0	0.00000163083	0.157407407407
uce-497.tre	0.0194284	2.67931	0.185185185185
uce-500.tre	0.00437614	3.49968	0.324074074074
uce-509.tre	0.000906782	1.59291	0.12037037037
uce-515.tre	0.000063476	0.244116	0
uce-522.tre	0.0000704445	0.756386	0.138888888889
uce-529.tre	0.00326141	1.59632	0.111111111111
uce-530.tre	0.00172691	2.46608	0.194444444444
uce-535.tre	0.000625178	0.187184	0.259259259259
uce-537.tre	0.000203989	0.838968	0.0740740740741
uce-54.tre	0.0374331	6.79306	0.25
uce-540.tre	1.89024	5.62946	0.25
uce-541.tre	0.00181163	1.87118	0.101851851852
uce-542.tre	0.000032333	0.177036	0.0185185185185
uce-546.tre	0.160444	4.76715	0.305555555556
uce-547.tre	0.0087067	4.86504	0.175925925926
uce-550.tre	0.0325915	7.18252	0.185185185185
uce-554.tre	0.0000968929	1.56089	0.287037037037
uce-556.tre	0.00564762	4.45742	0.212962962963
uce-558.tre	0.00688869	3.12092	0.157407407407
uce-559.tre	0.000000000000523192	0.325821	0.0462962962963
uce-560.tre	0.000000000000335861	0.376277	0.0462962962963
uce-566.tre	0.00121504	1.56283	0.268518518519
uce-578.tre	0.107085	2.03792	0.231481481481
uce-580.tre	0.000267546	0.137297	0.0740740740741
uce-592.tre	0.0104191	4.87155	0.324074074074
uce-598.tre	0.00724562	3.74044	0.212962962963
uce-6.tre	0.00676844	0.36632	0.138888888889
uce-600.tre	0.0423285	4.08805	0.240740740741
uce-603.tre	0.0000797545	0.125286	0.037037037037
uce-61.tre	0.0339974	2.85617	0.342592592593
uce-614.tre	0.27308	1.28028	0.157407407407
uce-617.tre	0.0950343	12.4239	0.268518518519
uce-618.tre	0.00156356	3.18142	0.212962962963
uce-619.tre	0.0196184	9.02152	0.268518518519
uce-625.tre	0.0000677507	1.33938	0.203703703704
uce-630.tre	0.000000000000429241	1.22543	0.0462962962963
uce-638.tre	0.00179062	2.33594	0.101851851852
uce-64.tre	0.0608156	9.43958	0.157407407407
uce-646.tre	0.00589454	2.62052	0.0648148148148
uce-648.tre	0.00139468	3.34657	0.203703703704
uce-65.tre	0.109258	2.86918	0.268518518519
uce-653.tre	0.0233404	6.81277	0.222222222222
uce-656.tre	0.00421264	3.77533	0.37037037037
uce-661.tre	0.00984965	3.71724	0.277777777778
uce-667.tre	0.00170216	2.02734	0.12037037037
uce-669.tre	0.00135206	1.3801	0.138888888889
uce-67.tre	0.0483146	3.521	0.148148148148
uce-672.tre	0.00483846	3.7724	0.138888888889
uce-675.tre	0.364552	6.74761	0.111111111111
uce-682.tre	0.00248405	3.0871	0.166666666667
uce-694.tre	0.0199219	4.64508	0.222222222222
uce-698.tre	0.0228288	8.28167	0.175925925926
uce-7.tre	0.00564508	2.78782	0.12037037037
uce-700.tre	0.00113403	0.526831	0.0277777777778
uce-702.tre	0.00775707	3.44438	0.12962962963
uce-706.tre	0.00330997	1.91168	0.0648148148148
uce-708.tre	0.0102671	10.6725	0.157407407407
uce-71.tre	0.00589595	1.50635	0.231481481481
uce-712.tre	0.00218271	2.08198	0.194444444444
uce-714.tre	0.164418	10.8233	0.231481481481
uce-717.tre	1.58894	21.0966	0.0462962962963
uce-719.tre	0.0661186	9.33183	0.268518518519
uce-720.tre	0.0123682	3.95289	0.287037037037
uce-73.tre	0.112138	2.91997	0.259259259259
uce-731.tre	0.000000000000286733	0.422525	0.0925925925926
uce-737.tre	0.000303823	0.917263	0.259259259259
uce-739.tre	0.000632674	1.83592	0.268518518519
uce-749.tre	0.000000000000105482	0.998683	0.0648148148148
uce-750.tre	0.07358	2.85207	0.287037037037
uce-754.tre	0	0.00000177724	0.25
uce-756.tre	0.00193123	1.2423	0.222222222222
uce-757.tre	0.000292238	0.65407	0.0277777777778
uce-761.tre	0.00184932	2.5245	0.0555555555556
uce-773.tre	0.00501347	12.7431	0.425925925926
uce-777.tre	0.00651788	4.85904	0.231481481481
uce-779.tre	0.0329046	1.13479	0.12037037037
uce-787.tre	0.00162562	2.36835	0.0648148148148
uce-792.tre	0.000166835	0.537665	0.0277777777778
uce-794.tre	0.0364858	8.82435	0.324074074074
uce-795.tre	0.000000000000221851	0.1929	0.0555555555556
uce-799.tre	0.00203163	2.28395	0.25
uce-8.tre	0.00114564	1.68324	0.231481481481
uce-805.tre	0.000158793	0.650032	0.101851851852
uce-808.tre	0.148068	2.92757	0.388888888889
uce-81.tre	0.00026341	0.640423	0.0277777777778
uce-811.tre	0.042091	8.95261	0.277777777778
uce-813.tre	0	0.00000188304	0.0833333333333
uce-815.tre	0.0327133	5.52438	0.101851851852
uce-816.tre	0.00141305	9.11975	0.111111111111
uce-818.tre	0.00252458	2.87616	0.240740740741
uce-82.tre	0.0362929	5.89761	0.222222222222
uce-822.tre	0.0338568	6.82801	0.333333333333
uce-829.tre	0.000147177	12.4957	0.0925925925926
uce-830.tre	0.234617	31.3301	0.324074074074
uce-833.tre	0.000106842	0.0618505	0.231481481481
uce-835.tre	0.03635	10.9906	0.25
uce-844.tre	0.0830601	9.92385	0.222222222222
uce-85.tre	0.00329391	1.78066	0.0462962962963
uce-853.tre	0.0184548	5.71041	0.203703703704
uce-855.tre	0.00119744	1.71173	0.0740740740741
uce-858.tre	0.0385304	2.86844	0.314814814815
uce-859.tre	0.00338075	1.6573	0.101851851852
uce-867.tre	0.000000000000157911	0.245435	0.101851851852
uce-871.tre	0.000172057	0.946141	0.194444444444
uce-874.tre	0.00489872	4.27588	0.314814814815
uce-879.tre	0.0527835	3.08045	0.240740740741
uce-88.tre	0.00642009	2.84156	0.138888888889
uce-881.tre	0.0137492	5.76265	0.277777777778
uce-885.tre	0.0268969	1.09652	0.157407407407
uce-89.tre	0.0098874	6.51357	0.185185185185
uce-893.tre	0.0195332	8.32202	0.268518518519
uce-894.tre	0.00405155	2.55125	0.185185185185
uce-899.tre	0.00447706	2.97022	0.175925925926
uce-910.tre	0.00211334	2.40031	0.0740740740741
uce-918.tre	0.00117192	2.64362	0.25
uce-923.tre	0.145822	4.52314	0.194444444444
uce-924.tre	0.0059715	4.15833	0.314814814815
uce-927.tre	1.50383	18.6224	0.111111111111
uce-932.tre	0.0284122	5.63382	0.12962962963
uce-934.tre	0.0148717	4.86738	0.314814814815
uce-935.tre	0.0500229	11.1753	0.203703703704
uce-945.tre	0.000197276	0.684366	0.0740740740741
uce-946.tre	0.000000000000214926	1.46471	0.0833333333333
uce-949.tre	0.00249693	1.94906	0.148148148148
uce-952.tre	0.00343162	1.96457	0.175925925926
uce-959.tre	0.0126703	0.255517	0.037037037037
uce-96.tre	0.0240674	4.67216	0.12037037037
uce-966.tre	0.016605	41.5031	0.0277777777778
uce-968.tre	0.000362438	0.746496	0.175925925926
uce-973.tre	0.0228924	3.80988	0.148148148148
uce-975.tre	0.000503233	1.6517	0.101851851852
uce-979.tre	0.0104699	3.73266	0.0462962962963
uce-98.tre	0.000193075	1.11028	0.0648148148148
uce-99.tre	0.477757	2.25636	0.0740740740741
uce-990.tre	0.00120014	1.29058	0.111111111111
