uce-1002-chunk-2.tre	0.000143947	0.104987	0.0181818181818
uce-1004-chunk-4.tre	0.000000000000179558	0.112978	0.0454545454545
uce-1008-chunk-3.tre	0.00681151	0.451006	0.0181818181818
uce-1008-chunk-4.tre	0.0362223	42.3879	0.127272727273
uce-1009-chunk-3.tre	0.00534492	23.9523	0.0454545454545
uce-101-chunk-2.tre	0.0000579167	16.5168	0.0181818181818
uce-101-chunk-4.tre	0.0000000000000836896	0.233673	0.00909090909091
uce-1018-chunk-1.tre	0.0000000000000944333	4.37252	0
uce-1022-chunk-2.tre	0	5.61946	0.0909090909091
uce-1022-chunk-3.tre	0.0414756	1.25181	0.00909090909091
uce-1022-chunk-4.tre	0	18.923	0.0181818181818
uce-1025-chunk-2.tre	0.000584035	20.4048	0.0545454545455
uce-1025-chunk-3.tre	0.00318656	0.424323	0.00909090909091
uce-1034-chunk-3.tre	0.00556337	2.05238	0.0272727272727
uce-1035-chunk-3.tre	0.00000000000014708	1.07562	0.0727272727273
uce-1035-chunk-4.tre	0.0583093	6.90614	0.0727272727273
uce-1040-chunk-3.tre	0.00931392	45.4194	0.0272727272727
uce-1040-chunk-5.tre	0.000000000000114175	0.0757731	0.0363636363636
uce-1046-chunk-3.tre	127.037	52.0588	0.00909090909091
uce-1046-chunk-4.tre	0.0000211104	1.77627	0.0272727272727
uce-1060-chunk-3.tre	0.000000000000218628	2.61398	0.0272727272727
uce-1060-chunk-4.tre	0.000133779	0.5058	0.00909090909091
uce-1060-chunk-5.tre	0.000000000000678498	0.51263	0.00909090909091
uce-1061-chunk-4.tre	0.000000000000148147	0.782013	0.0272727272727
uce-1063-chunk-2.tre	0.15881	13.4216	0.109090909091
uce-1063-chunk-4.tre	0.0245998	5.23936	0.0363636363636
uce-107-chunk-4.tre	0	0.346561	0.0272727272727
uce-1074-chunk-2.tre	2.26896	9.5373	0.0727272727273
uce-1076-chunk-5.tre	0.00200297	28.8469	0.0454545454545
uce-108-chunk-1.tre	0.00623233	3.97864	0.118181818182
uce-1082-chunk-3.tre	0.00000273881	0.082567	0.00909090909091
uce-1082-chunk-4.tre	0.00000443141	0.101424	0.0181818181818
uce-1082-chunk-5.tre	0.000631589	22.5547	0.00909090909091
uce-1085-chunk-2.tre	0.0000613543	1.18542	0.0363636363636
uce-1092-chunk-2.tre	0.00515524	0.79279	0.0272727272727
uce-1092-chunk-4.tre	0.0190347	4.45713	0.127272727273
uce-1093-chunk-3.tre	0.000527155	11.8835	0.0727272727273
uce-1095-chunk-4.tre	0.000080308	31.9119	0.0818181818182
uce-1096-chunk-5.tre	0.0718587	10.6356	0.0636363636364
uce-1098-chunk-3.tre	0.000000000000286857	0.407709	0.0363636363636
uce-110-chunk-3.tre	0.0000000000000534065	0.0419479	0
uce-1101-chunk-2.tre	0.00237267	1.96395	0.0636363636364
uce-1101-chunk-4.tre	0.00281368	2.90338	0.127272727273
uce-1110-chunk-1.tre	0.00607615	0.701515	0.0727272727273
uce-1121-chunk-2.tre	0.0000121543	0.602603	0.0363636363636
uce-1122-chunk-2.tre	0.000225076	0.710814	0.0545454545455
uce-1122-chunk-3.tre	0.000000000000135161	0.0956583	0.0181818181818
uce-1123-chunk-3.tre	0.534503	3.42584	0.0181818181818
uce-1123-chunk-4.tre	0.000729549	0.553542	0
uce-1132-chunk-2.tre	0.000819331	1.21702	0.0363636363636
uce-1136-chunk-2.tre	0.00351735	2.43196	0.0545454545455
uce-1136-chunk-4.tre	0.000000000000184699	0.495401	0.1
uce-1137-chunk-1.tre	0.0246389	5.032	0.0818181818182
uce-1137-chunk-2.tre	0.00908547	4.15969	0.0727272727273
uce-1138-chunk-2.tre	0.000294281	1.02023	0.0545454545455
uce-1139-chunk-3.tre	0.000648454	1.26663	0.0272727272727
uce-1139-chunk-4.tre	0.000000000000161405	3.8765	0.0454545454545
uce-1140-chunk-2.tre	0.00176268	1.50973	0.0181818181818
uce-1146-chunk-4.tre	0.000000000000040438	0.098307	0.00909090909091
uce-1146-chunk-5.tre	0.0000661699	8.24304	0.118181818182
uce-1148-chunk-2.tre	0.000208426	0.567649	0.0181818181818
uce-1155-chunk-4.tre	0.0000738753	0.414758	0.0272727272727
uce-116-chunk-3.tre	0.0000860437	0.472246	0.00909090909091
uce-1160-chunk-2.tre	0.000000000000304605	0.209409	0.00909090909091
uce-1165-chunk-2.tre	0.00000553634	0.784758	0.0272727272727
uce-1165-chunk-3.tre	0.00659237	2.14519	0.0909090909091
uce-1171-chunk-4.tre	0.000198042	2.2087	0.0909090909091
uce-1173-chunk-4.tre	0.000198087	0.02815	0
uce-1174-chunk-2.tre	0.000000000000272207	0.431719	0.0272727272727
uce-1176-chunk-3.tre	0.018269	28.7179	0.0181818181818
uce-1176-chunk-4.tre	0.00000000000024389	0.326265	0.0181818181818
uce-1179-chunk-3.tre	0.00853322	0.645358	0.0363636363636
uce-1181-chunk-3.tre	0.00424908	0.130372	0.0363636363636
uce-1183-chunk-2.tre	0.0000917389	0.757	0.0181818181818
uce-1184-chunk-3.tre	0.000294857	1.37615	0.0272727272727
uce-1184-chunk-4.tre	0.0000118871	20.6899	0
uce-1186-chunk-1.tre	0.000146902	0.321721	0
uce-1186-chunk-2.tre	0.000690586	1.60632	0.0545454545455
uce-1196-chunk-3.tre	0.00621368	0.538849	0.0272727272727
uce-1196-chunk-4.tre	0.0205602	1.16694	0.0181818181818
uce-1196-chunk-5.tre	0.060312	38.4968	0.0909090909091
uce-1199-chunk-3.tre	0.0167019	1.07938	0.00909090909091
uce-120-chunk-2.tre	0.000756703	0.642515	0.00909090909091
uce-1200-chunk-3.tre	0.00103694	1.30997	0.0818181818182
uce-1200-chunk-4.tre	0.03331	9.30897	0.0545454545455
uce-1204-chunk-4.tre	0.000660152	0.830385	0.0363636363636
uce-1205-chunk-4.tre	0	1.25364	0
uce-1206-chunk-3.tre	0.456441	19.7655	0.0545454545455
uce-1206-chunk-4.tre	0.0016111	0.166701	0
uce-121-chunk-3.tre	0.0000217214	0.158121	0
uce-121-chunk-4.tre	0.000000000000162979	27.8872	0.0272727272727
uce-1212-chunk-4.tre	0.00294558	1.49419	0.0272727272727
uce-1219-chunk-2.tre	0	0.103217	0.0272727272727
uce-1219-chunk-4.tre	0.000247188	0.978566	0.0454545454545
uce-1220-chunk-3.tre	0.00434764	3.03593	0.0545454545455
uce-1224-chunk-2.tre	0.000000000000126698	0.213975	0.0545454545455
uce-1225-chunk-1.tre	0.000769271	2.5752	0.0909090909091
uce-1225-chunk-2.tre	0.000000000000119007	0.475577	0.00909090909091
uce-1232-chunk-3.tre	0.00000000000010829	0.282589	0.0272727272727
uce-1232-chunk-4.tre	0.0000113397	0.00673618	0.136363636364
uce-1235-chunk-2.tre	0.000000000000115143	3.81758	0.0454545454545
uce-1235-chunk-3.tre	0.000345382	0.225148	0.0545454545455
uce-1239-chunk-2.tre	0.0171783	7.62185	0.172727272727
uce-1239-chunk-3.tre	0.000615182	0.88371	0.0181818181818
uce-124-chunk-2.tre	0.000918785	27.8858	0.0545454545455
uce-124-chunk-3.tre	0.0000000000000721229	0.0513033	0.00909090909091
uce-1242-chunk-3.tre	0.00000000000011329	1.5545	0
uce-1243-chunk-3.tre	0.0000000000000285154	0.485658	0.0181818181818
uce-1243-chunk-4.tre	0.000297611	0.285803	0.0181818181818
uce-1246-chunk-3.tre	0.000236572	0.726298	0.0272727272727
uce-1246-chunk-4.tre	0.000162728	0.452341	0.0272727272727
uce-1256-chunk-2.tre	0.384662	1.46663	0.136363636364
uce-1256-chunk-4.tre	0.015741	6.59048	0.0181818181818
uce-126-chunk-2.tre	0.0010064	4.44271	0.0363636363636
uce-126-chunk-5.tre	0.130446	7.97414	0.136363636364
uce-1260-chunk-2.tre	0	3.58104	0.0454545454545
uce-1260-chunk-4.tre	0.00583702	5.79663	0.0454545454545
uce-1267-chunk-2.tre	0.0340192	20.6311	0.0727272727273
uce-1267-chunk-4.tre	0.00128145	28.588	0.0636363636364
uce-1277-chunk-4.tre	0.000594434	0.68212	0.0272727272727
uce-1278-chunk-2.tre	0.0004637	4.88905	0.0181818181818
uce-1278-chunk-3.tre	0.0000000000000434262	0.137984	0
uce-1279-chunk-2.tre	0.00030868	27.3611	0.0181818181818
uce-1279-chunk-3.tre	0.0000146271	0.131172	0.00909090909091
uce-1279-chunk-4.tre	0.000697673	10.4617	0.0454545454545
uce-1288-chunk-2.tre	0.0022604	2.96657	0.0363636363636
uce-1288-chunk-3.tre	0.000000000000195672	0.319243	0.0181818181818
uce-1288-chunk-4.tre	0.000904469	1.36138	0.0272727272727
uce-129-chunk-3.tre	0.00156116	8.61239	0.0272727272727
uce-1293-chunk-4.tre	0.557751	30.5505	0.109090909091
uce-1296-chunk-3.tre	0.000200309	0.377068	0.0363636363636
uce-1296-chunk-4.tre	0.0000107365	29.8324	0.0636363636364
uce-1302-chunk-2.tre	0.000124142	0.521247	0.0454545454545
uce-1310-chunk-2.tre	0.000019151	0.0804549	0.00909090909091
uce-1310-chunk-3.tre	0.00524833	3.1013	0.0909090909091
uce-1312-chunk-2.tre	0.0000000000000772609	0.12539	0.0636363636364
uce-1312-chunk-3.tre	0.0409503	6.33537	0.0272727272727
uce-1317-chunk-3.tre	0.00239676	1.1678	0.0363636363636
uce-1317-chunk-4.tre	0.00624527	1.31817	0.0363636363636
uce-1320-chunk-2.tre	0.000582641	1.22282	0.0363636363636
uce-1321-chunk-4.tre	0.000000000000502908	0.295005	0.0272727272727
uce-1323-chunk-3.tre	0.00000773762	0.948947	0.0363636363636
uce-1332-chunk-2.tre	0.0000000000000492953	5.68622	0.0363636363636
uce-1332-chunk-3.tre	0.0000000000000894228	0.232619	0.00909090909091
uce-1332-chunk-4.tre	0.0000000000000676419	0.475185	0.00909090909091
uce-1335-chunk-2.tre	0.0737295	5.36169	0.1
uce-1335-chunk-4.tre	0.0000000000000434841	2.15138	0.0272727272727
uce-1335-chunk-5.tre	0.00995467	3.90276	0.0545454545455
uce-1336-chunk-2.tre	0.00254335	1.54537	0.0363636363636
uce-1336-chunk-4.tre	0.858257	8.88006	0.109090909091
uce-134-chunk-3.tre	0.0219448	30.2481	0.0818181818182
uce-134-chunk-4.tre	0.0000418172	0.125623	0.0181818181818
uce-134-chunk-5.tre	0.0314829	32.2577	0.109090909091
uce-139-chunk-2.tre	0.199858	17.4682	0.0272727272727
uce-143-chunk-3.tre	0.000458488	0.794876	0.00909090909091
uce-143-chunk-4.tre	0.000000000000115673	0.930601	0.00909090909091
uce-148-chunk-3.tre	0.000508924	0.730387	0.0272727272727
uce-149-chunk-4.tre	0.0000000000000871047	0.217433	0
uce-149-chunk-5.tre	0.00000000000022403	0.849085	0.0272727272727
uce-153-chunk-3.tre	0.000164789	0.975936	0.0272727272727
uce-153-chunk-4.tre	0.000369377	2.03526	0.0363636363636
uce-157-chunk-3.tre	0.00777186	4.32344	0.0545454545455
uce-157-chunk-5.tre	0.171061	25.4763	0.1
uce-160-chunk-1.tre	0.00929436	3.68201	0.0363636363636
uce-160-chunk-2.tre	0.000871381	0.118535	0
uce-161-chunk-2.tre	0.000778755	42.8005	0.0363636363636
uce-163-chunk-1.tre	0.0119398	12.0515	0.0818181818182
uce-163-chunk-3.tre	0.000415647	0.464037	0.0272727272727
uce-167-chunk-5.tre	0.00293877	4.70617	0.0545454545455
uce-172-chunk-2.tre	0.0000000000000743454	0.129153	0.00909090909091
uce-176-chunk-3.tre	0.000000000000366897	41.8418	0.0454545454545
uce-18-chunk-3.tre	0.000000000000219131	32.3362	0.0181818181818
uce-18-chunk-4.tre	1.17686	9.15832	0.00909090909091
uce-183-chunk-2.tre	0.000000000000103165	0.228841	0.0272727272727
uce-188-chunk-5.tre	0.000000000000116405	0.383405	0
uce-19-chunk-3.tre	0.00000000000014761	0.335477	0.0181818181818
uce-19-chunk-4.tre	0.10913	17.6876	0.0363636363636
uce-192-chunk-1.tre	0.000000000000590054	1.82772	0.0363636363636
uce-192-chunk-2.tre	0.00000000000024744	0.315943	0.00909090909091
uce-192-chunk-3.tre	0.00179762	0.627868	0.00909090909091
uce-199-chunk-2.tre	0.00400116	23.432	0.0363636363636
uce-199-chunk-4.tre	0.0000451342	1.77683	0.0363636363636
uce-2-chunk-1.tre	0.000000000000185969	2.25998	0.127272727273
uce-2-chunk-2.tre	0.00160831	1.64531	0.127272727273
uce-2-chunk-3.tre	0.00234311	1.80274	0.0636363636364
uce-2-chunk-4.tre	0.0646948	1.40881	0.0272727272727
uce-200-chunk-3.tre	0.000000000000136059	1.07317	0.0545454545455
uce-200-chunk-4.tre	0.0000000000000852412	0.0754826	0.00909090909091
uce-201-chunk-2.tre	0.0000000000000708449	18.3862	0.0818181818182
uce-201-chunk-4.tre	0.0000682115	1.0985	0.0181818181818
uce-205-chunk-1.tre	0.0000156647	2.85593	0.0363636363636
uce-209-chunk-4.tre	0.0000471187	21.6823	0.0727272727273
uce-21-chunk-3.tre	0.000000000000108522	2.12938	0.0272727272727
uce-218-chunk-3.tre	0.000335878	0.664594	0.00909090909091
uce-219-chunk-1.tre	0.0390364	5.99001	0.0363636363636
uce-219-chunk-2.tre	0.00030415	0.662418	0.00909090909091
uce-219-chunk-3.tre	0.000000000000142643	7.80356	0.0818181818182
uce-220-chunk-3.tre	0.276699	3.0679	0.0272727272727
uce-220-chunk-4.tre	0.0000000000000684006	0.137908	0
uce-220-chunk-5.tre	0.00699878	19.4638	0.0545454545455
uce-227-chunk-3.tre	0.776796	24.1184	0.0272727272727
uce-227-chunk-4.tre	0.0000473349	0.0200266	0.0454545454545
uce-229-chunk-1.tre	0.0000000000000890828	0.0752234	0
uce-229-chunk-2.tre	0.000613531	0.103726	0.00909090909091
uce-229-chunk-3.tre	0.00000000000015029	0.446157	0.0636363636364
uce-238-chunk-2.tre	0.00613348	26.5325	0.0181818181818
uce-238-chunk-3.tre	0.00245273	20.6281	0.0181818181818
uce-238-chunk-4.tre	0.3054	33.0801	0.0818181818182
uce-239-chunk-3.tre	0.0525228	5.12874	0.0363636363636
uce-246-chunk-3.tre	0.00235501	23.7633	0.0272727272727
uce-251-chunk-3.tre	0.000000000000143319	0.15087	0.0181818181818
uce-252-chunk-3.tre	0.000000000000116636	2.40846	0.0272727272727
uce-252-chunk-4.tre	0.0000000000000425257	0.0273708	0
uce-252-chunk-5.tre	0.000921283	0.316093	0.0454545454545
uce-259-chunk-3.tre	0.0935269	8.1274	0.0545454545455
uce-259-chunk-4.tre	0.000130807	25.7831	0.00909090909091
uce-259-chunk-5.tre	0.000667384	21.6775	0.0272727272727
uce-261-chunk-3.tre	0.00521698	1.1139	0.0272727272727
uce-262-chunk-5.tre	0.0000131182	10.5235	0.0909090909091
uce-27-chunk-2.tre	0.0302288	2.9893	0.0454545454545
uce-275-chunk-5.tre	0.000000000000187586	0.354353	0.0363636363636
uce-276-chunk-3.tre	0.00103659	0.421606	0.0727272727273
uce-276-chunk-5.tre	0.0272146	9.90934	0.172727272727
uce-277-chunk-3.tre	0.00022142	7.888	0.0727272727273
uce-282-chunk-2.tre	0.000000000000241925	3.66596	0.0363636363636
uce-287-chunk-3.tre	0.0240706	5.3246	0.0636363636364
uce-292-chunk-3.tre	0.0000494153	28.0585	0.0727272727273
uce-292-chunk-4.tre	0.000000000000670425	4.6059	0.00909090909091
uce-295-chunk-1.tre	0.000753652	1.19982	0.0818181818182
uce-297-chunk-4.tre	0	0.014728	0
uce-298-chunk-2.tre	0.00200637	0.218621	0.0636363636364
uce-3-chunk-2.tre	0.0139434	2.10675	0.0636363636364
uce-3-chunk-3.tre	0.0000000000000637568	0.0718905	0.0363636363636
uce-3-chunk-4.tre	0.0703334	24.1621	0.0727272727273
uce-30-chunk-2.tre	0.00274953	1.47034	0.0545454545455
uce-30-chunk-3.tre	0.000164322	2.53729	0
uce-302-chunk-4.tre	0.000000000000318875	0.796763	0.0636363636364
uce-314-chunk-3.tre	0.0000475345	0.456645	0
uce-314-chunk-4.tre	0.0393443	8.06897	0.00909090909091
uce-316-chunk-2.tre	0.0000000000000906275	0.0946342	0
uce-316-chunk-3.tre	0.000634596	20.7509	0.00909090909091
uce-318-chunk-3.tre	0.000000000000101545	0.792909	0.0181818181818
uce-319-chunk-1.tre	0.031096	6.91068	0.0545454545455
uce-319-chunk-2.tre	0.000000000000135649	0.396807	0.0272727272727
uce-321-chunk-2.tre	0.000000000000197642	0.554279	0.0272727272727
uce-321-chunk-3.tre	0.00000000000149067	0.41512	0.00909090909091
uce-323-chunk-3.tre	0.000879372	1.06498	0.0454545454545
uce-325-chunk-2.tre	0.00302885	0.294409	0.0636363636364
uce-325-chunk-3.tre	0.0000000000000463487	0.079504	0
uce-325-chunk-4.tre	0.00618345	3.29489	0.0818181818182
uce-327-chunk-2.tre	0.000000000000308441	0.179385	0.0272727272727
uce-331-chunk-2.tre	0.373231	47.2904	0.1
uce-331-chunk-3.tre	0.000362024	0.645777	0.00909090909091
uce-333-chunk-2.tre	0.0161056	6.50115	0.145454545455
uce-334-chunk-3.tre	0.000000000000155933	0.329223	0.00909090909091
uce-334-chunk-4.tre	0.00000000000024023	0.677229	0.0272727272727
uce-335-chunk-2.tre	0.000643422	1.79964	0.0818181818182
uce-337-chunk-3.tre	0.000000000000152874	0.0573408	0.00909090909091
uce-344-chunk-4.tre	0.111552	4.68316	0.1
uce-345-chunk-4.tre	0.000507463	0.945283	0.0727272727273
uce-346-chunk-2.tre	0.00350325	2.50837	0.0363636363636
uce-348-chunk-2.tre	0.0167423	28.4231	0.1
uce-355-chunk-1.tre	0.00296408	3.61379	0.0181818181818
uce-358-chunk-2.tre	0.000464067	2.85109	0.0818181818182
uce-358-chunk-3.tre	0.0000000000000846266	0.0869528	0.00909090909091
uce-363-chunk-2.tre	0.000303646	0.240348	0.0181818181818
uce-363-chunk-4.tre	0.00201106	34.0187	0.0909090909091
uce-365-chunk-3.tre	0.0236543	0.696276	0.0272727272727
uce-371-chunk-1.tre	0.000000000000397934	43.5754	0.0636363636364
uce-371-chunk-2.tre	0.000313894	0.572456	0.0181818181818
uce-373-chunk-2.tre	0.000177546	31.7673	0.0454545454545
uce-373-chunk-3.tre	0.0000000000000667527	0.144718	0
uce-374-chunk-4.tre	0.118738	1.36867	0.0454545454545
uce-376-chunk-1.tre	0.0888817	7.24284	0.00909090909091
uce-376-chunk-2.tre	0.0000000000000731235	0.12371	0.00909090909091
uce-376-chunk-3.tre	0.000000000000160131	27.6422	0.0272727272727
uce-377-chunk-3.tre	0.114376	1.55559	0.0636363636364
uce-383-chunk-1.tre	0.0139452	16.9147	0.0818181818182
uce-383-chunk-2.tre	0.00235369	1.45844	0.0363636363636
uce-386-chunk-3.tre	0.0235977	17.7168	0.0818181818182
uce-386-chunk-4.tre	0.00103825	0.612745	0.00909090909091
uce-387-chunk-1.tre	0.0581648	31.1923	0.0909090909091
uce-387-chunk-3.tre	0.000000000000145842	0.144087	0.00909090909091
uce-387-chunk-4.tre	0.000000000000221444	1.79173	0.0363636363636
uce-406-chunk-3.tre	0.0000000000000971616	0.0883582	0.00909090909091
uce-408-chunk-1.tre	0.00228458	1.68065	0.0545454545455
uce-414-chunk-2.tre	0.00156313	0.337139	0
uce-414-chunk-4.tre	2.50859	7.33071	0.0363636363636
uce-418-chunk-1.tre	0.0100636	5.60125	0.0545454545455
uce-420-chunk-2.tre	0.00000000000018058	0.141668	0.0272727272727
uce-420-chunk-3.tre	0.0000000000000911228	0.479387	0.0272727272727
uce-422-chunk-5.tre	0.00847189	2.56012	0.0181818181818
uce-426-chunk-4.tre	0.137316	10.8914	0.0727272727273
uce-427-chunk-5.tre	0.0827511	15.4846	0.1
uce-43-chunk-1.tre	0.01123	20.0466	0.0545454545455
uce-43-chunk-2.tre	0.0000125254	0.204297	0.0181818181818
uce-430-chunk-2.tre	0.000202213	0.177826	0
uce-430-chunk-3.tre	0.000000000000425417	16.7468	0.0363636363636
uce-434-chunk-3.tre	0.0169596	4.86017	0.118181818182
uce-434-chunk-4.tre	0.000882297	1.16315	0.0454545454545
uce-434-chunk-5.tre	0.00498281	4.74495	0.118181818182
uce-435-chunk-2.tre	0.332597	40.4038	0.0272727272727
uce-435-chunk-4.tre	0.000000000000176145	28.9916	0.0272727272727
uce-437-chunk-5.tre	0.000359251	31.094	0.0272727272727
uce-438-chunk-2.tre	0.0488422	10.6814	0.1
uce-438-chunk-3.tre	0.00101344	0.172824	0.0272727272727
uce-444-chunk-2.tre	0.000000000000408487	0.216857	0.0272727272727
uce-444-chunk-3.tre	0.000000000000332145	0.0875366	0.0181818181818
uce-444-chunk-4.tre	0.000000000000148935	24.746	0.00909090909091
uce-449-chunk-3.tre	0.000000000000129822	0.0819197	0.0181818181818
uce-450-chunk-3.tre	0.0666847	12.4461	0.0636363636364
uce-450-chunk-4.tre	0.000000000000195803	0.1213	0.0181818181818
uce-453-chunk-3.tre	0.00565969	1.49995	0.0181818181818
uce-46-chunk-1.tre	0.0000000000000931351	21.081	0.0363636363636
uce-464-chunk-3.tre	0.000000000000145626	0.126852	0
uce-464-chunk-4.tre	0.0103862	2.21938	0.00909090909091
uce-468-chunk-3.tre	0.0261813	8.54745	0.0818181818182
uce-468-chunk-5.tre	0.00235126	1.58976	0.0818181818182
uce-472-chunk-2.tre	0.00351566	6.19193	0.0545454545455
uce-473-chunk-3.tre	0.00774043	11.9645	0.0636363636364
uce-48-chunk-2.tre	0.0731894	8.54133	0.118181818182
uce-48-chunk-4.tre	0.000000000000103143	0.686761	0.0181818181818
uce-482-chunk-3.tre	0.00686707	11.3519	0.0545454545455
uce-482-chunk-4.tre	0.000144927	0.647173	0.00909090909091
uce-482-chunk-5.tre	0.0000028754	0.0566409	0.00909090909091
uce-486-chunk-4.tre	0.231633	2.2149	0.0272727272727
uce-49-chunk-2.tre	0.000533873	3.07501	0.0181818181818
uce-49-chunk-3.tre	0.000313841	0.5938	0.0181818181818
uce-49-chunk-4.tre	0.0047157	0.152134	0.0545454545455
uce-494-chunk-2.tre	0.0200628	2.02143	0.1
uce-494-chunk-3.tre	0.00478309	0.351409	0.0636363636364
uce-494-chunk-4.tre	0.0130644	6.44162	0.0909090909091
uce-496-chunk-2.tre	3.7903	12.7252	0.0545454545455
uce-497-chunk-2.tre	0.0000000000000846769	0.342679	0.0454545454545
uce-497-chunk-3.tre	0.00891781	17.5684	0.0909090909091
uce-500-chunk-2.tre	0.000170205	11.6751	0.0545454545455
uce-500-chunk-3.tre	0.0000845486	0.268604	0.0272727272727
uce-501-chunk-4.tre	0.00180924	11.7257	0.0363636363636
uce-503-chunk-2.tre	0.0166571	4.51846	0.0636363636364
uce-509-chunk-2.tre	0.000000000000072417	0.0287805	0.00909090909091
uce-509-chunk-3.tre	0.0000000000000629335	0.199861	0.0181818181818
uce-509-chunk-4.tre	0.0000208328	0.442895	0.00909090909091
uce-509-chunk-5.tre	0.0000106078	14.6441	0.0272727272727
uce-513-chunk-3.tre	0.00325019	0.770557	0.0545454545455
uce-522-chunk-2.tre	0.00415914	32.0419	0.0636363636364
uce-522-chunk-3.tre	0.000248112	0.63495	0.0363636363636
uce-522-chunk-4.tre	0.0000000000000404726	0.0518132	0
uce-530-chunk-4.tre	0.000000000000127355	24.6516	0.0181818181818
uce-54-chunk-3.tre	0.000454105	0.902303	0.00909090909091
uce-540-chunk-4.tre	0.00000996955	7.25167	0.0636363636364
uce-546-chunk-4.tre	0.212607	23.6219	0.0727272727273
uce-547-chunk-3.tre	0.0000578727	0.398313	0.0181818181818
uce-549-chunk-2.tre	0.000911558	36.1504	0.0454545454545
uce-550-chunk-2.tre	0.000000000000124841	24.407	0.00909090909091
uce-550-chunk-3.tre	0.000000000000340822	25.811	0.0181818181818
uce-554-chunk-4.tre	0.000000000000234537	14.9761	0.0363636363636
uce-556-chunk-1.tre	0.00149825	21.9688	0.0363636363636
uce-558-chunk-3.tre	0.000215427	0.484438	0.0181818181818
uce-566-chunk-3.tre	0.000000000000121407	0.433955	0.0363636363636
uce-57-chunk-2.tre	0.000187488	3.13197	0.0909090909091
uce-571-chunk-3.tre	0.00243414	0.780736	0.0454545454545
uce-575-chunk-1.tre	0.00224295	2.98816	0.0909090909091
uce-575-chunk-2.tre	0.0000000000000412935	0.0624132	0.00909090909091
uce-578-chunk-3.tre	0.0435201	1.89413	0.0363636363636
uce-578-chunk-4.tre	0.270764	1.0407	0.0363636363636
uce-583-chunk-1.tre	0.000000000000141475	3.99808	0.0636363636364
uce-586-chunk-2.tre	0.000000000000563483	2.25124	0.0636363636364
uce-587-chunk-3.tre	0.00000000000017641	0.185864	0.00909090909091
uce-587-chunk-4.tre	0.0331413	9.4044	0.0454545454545
uce-593-chunk-2.tre	0.0511569	29.9081	0.0545454545455
uce-593-chunk-3.tre	0.000759348	2.79663	0
uce-595-chunk-3.tre	0.00757886	5.03131	0.0636363636364
uce-597-chunk-2.tre	0.000000000000179932	3.5616	0.0363636363636
uce-61-chunk-3.tre	0.00118984	1.26782	0.0454545454545
uce-61-chunk-4.tre	0.00460165	0.266632	0.0363636363636
uce-617-chunk-2.tre	0.0262306	0.704139	0.0363636363636
uce-617-chunk-3.tre	0.0000255466	0.369219	0.00909090909091
uce-619-chunk-3.tre	0.0427303	26.7598	0.0363636363636
uce-623-chunk-1.tre	0.0979963	6.66395	0.109090909091
uce-623-chunk-2.tre	0.00000862424	3.52617	0.0545454545455
uce-625-chunk-1.tre	0.000429679	1.31722	0.00909090909091
uce-625-chunk-2.tre	0.0000000000000507939	0.0489989	0
uce-625-chunk-3.tre	0.000000000000264968	0.0698678	0
uce-625-chunk-4.tre	0.000117059	0.810837	0.1
uce-627-chunk-2.tre	0.00000000000022752	32.9494	0.0181818181818
uce-638-chunk-1.tre	0.000000000000175939	28.9746	0.0727272727273
uce-64-chunk-2.tre	0.00031037	21.255	0.0181818181818
uce-64-chunk-3.tre	0.00259024	1.45129	0.0363636363636
uce-64-chunk-4.tre	0.00347727	3.27405	0.0272727272727
uce-640-chunk-3.tre	0.000000000000212877	2.4029	0.0272727272727
uce-648-chunk-2.tre	0.0138875	26.4478	0.0363636363636
uce-648-chunk-3.tre	0.0065208	22.0898	0.0363636363636
uce-648-chunk-4.tre	0.0000000000000409587	0.296274	0
uce-648-chunk-5.tre	0.0287723	5.4493	0.0636363636364
uce-649-chunk-4.tre	0	0.43551	0.0272727272727
uce-65-chunk-2.tre	0.000000000000129043	0.125655	0.0363636363636
uce-651-chunk-1.tre	0.00366561	4.59321	0.118181818182
uce-653-chunk-4.tre	0.0000000000000468941	0.452606	0.0181818181818
uce-653-chunk-5.tre	0.0113351	2.74432	0.109090909091
uce-656-chunk-3.tre	0.00522526	3.52456	0.0818181818182
uce-656-chunk-4.tre	0.000000000000110268	0.14288	0.0363636363636
uce-661-chunk-2.tre	0.0275295	9.30646	0.0454545454545
uce-672-chunk-1.tre	0.000259849	1.09459	0.0727272727273
uce-672-chunk-2.tre	0.0440068	1.42956	0.0636363636364
uce-673-chunk-3.tre	0.00786784	0.316041	0.0181818181818
uce-673-chunk-4.tre	0.00886972	0.441688	0.0363636363636
uce-675-chunk-2.tre	0.38765	2.07291	0.0181818181818
uce-675-chunk-3.tre	0.00153611	0.380032	0.0181818181818
uce-68-chunk-3.tre	0.00086833	0.948592	0
uce-682-chunk-1.tre	0.000290205	1.42112	0.0727272727273
uce-682-chunk-2.tre	0.00000641226	0.2777	0.00909090909091
uce-690-chunk-3.tre	0.0000000000000703568	0.105304	0.00909090909091
uce-691-chunk-3.tre	0.016195	4.49588	0.127272727273
uce-691-chunk-4.tre	0.0670926	0.991555	0.0363636363636
uce-694-chunk-2.tre	0.000000000000266746	0.717293	0.0545454545455
uce-697-chunk-2.tre	0.0000000000000923239	0.118613	0.00909090909091
uce-698-chunk-2.tre	0.000651374	0.853443	0.0727272727273
uce-698-chunk-4.tre	3.66409	40.6023	0.0363636363636
uce-702-chunk-3.tre	0	0.191039	0.0363636363636
uce-702-chunk-5.tre	0.0333483	1.20072	0.0272727272727
uce-704-chunk-3.tre	0.00207828	1.83549	0.0727272727273
uce-706-chunk-1.tre	0.000000000000216815	3.1967	0.0272727272727
uce-706-chunk-2.tre	0.0000497523	0.488275	0.0181818181818
uce-706-chunk-3.tre	0.00066945	0.959768	0.0181818181818
uce-708-chunk-3.tre	0.000000000000150774	0.266307	0.0181818181818
uce-708-chunk-4.tre	0.000000000000224594	0.754559	0
uce-71-chunk-3.tre	0.0000000000000734483	0.0293123	0.00909090909091
uce-712-chunk-2.tre	0.0000000000000900213	1.09871	0.0272727272727
uce-712-chunk-3.tre	0.0000000000000500831	0.053362	0
uce-712-chunk-4.tre	0.0110632	2.9969	0.1
uce-714-chunk-3.tre	0.026659	0.773612	0.0636363636364
uce-714-chunk-4.tre	0.00822771	2.87741	0.0363636363636
uce-719-chunk-3.tre	0.0000155367	0.795825	0.0181818181818
uce-720-chunk-2.tre	0.0022017	8.74351	0.0636363636364
uce-722-chunk-5.tre	0.0612321	7.11036	0.1
uce-723-chunk-2.tre	1.16627	25.375	0.0454545454545
uce-723-chunk-3.tre	0.000108889	0.13621	0.00909090909091
uce-73-chunk-3.tre	0.000000000000266483	0.191136	0.0272727272727
uce-73-chunk-4.tre	0.000000000000110187	0.266491	0.0363636363636
uce-732-chunk-3.tre	0.0115552	6.65612	0.109090909091
uce-738-chunk-2.tre	0.00147903	32.4013	0.0272727272727
uce-738-chunk-3.tre	0.000866832	0.214927	0.0454545454545
uce-739-chunk-5.tre	0.00227675	1.22174	0.0272727272727
uce-740-chunk-2.tre	0.0574934	8.56811	0.0909090909091
uce-744-chunk-3.tre	0.000427119	0.61533	0.0181818181818
uce-744-chunk-4.tre	0.000214046	0.452706	0.00909090909091
uce-754-chunk-4.tre	0.0362744	3.80979	0.0545454545455
uce-755-chunk-4.tre	0.000000000000271155	0.551891	0.0272727272727
uce-755-chunk-5.tre	0.0318114	5.6167	0.109090909091
uce-756-chunk-3.tre	0.000000000000300041	0.541801	0.00909090909091
uce-756-chunk-5.tre	0.0434831	1.76903	0.0545454545455
uce-758-chunk-3.tre	0.00317668	13.2987	0.0272727272727
uce-764-chunk-2.tre	0.000000000000226649	4.80446	0.0272727272727
uce-764-chunk-3.tre	0.0000000000000557815	2.00344	0.0181818181818
uce-766-chunk-1.tre	0.000132162	34.4206	0.118181818182
uce-766-chunk-2.tre	0.000345859	0.860358	0.0363636363636
uce-766-chunk-3.tre	0.0966777	1.16807	0.0909090909091
uce-773-chunk-4.tre	0.000122498	42.4229	0.0363636363636
uce-773-chunk-5.tre	0.000000000000110749	0.663211	0.0454545454545
uce-777-chunk-2.tre	0.000120713	0.279195	0.00909090909091
uce-779-chunk-2.tre	0.000422599	0.488146	0.00909090909091
uce-779-chunk-3.tre	0.108599	19.6932	0.00909090909091
uce-784-chunk-5.tre	0.00547681	2.52665	0.0454545454545
uce-788-chunk-3.tre	0.163342	12.5039	0.136363636364
uce-788-chunk-4.tre	0.000013992	52.5419	0.0272727272727
uce-794-chunk-5.tre	0.0224462	4.2716	0.0272727272727
uce-799-chunk-2.tre	0.000000000000160145	0.379515	0.0818181818182
uce-799-chunk-3.tre	0.00222069	0.321702	0.00909090909091
uce-8-chunk-2.tre	0.19505	11.4449	0.127272727273
uce-8-chunk-4.tre	0.000000000000106473	0.0627921	0.0181818181818
uce-808-chunk-2.tre	0.00633776	2.88083	0.127272727273
uce-808-chunk-3.tre	0.000136529	0.459077	0.0272727272727
uce-811-chunk-2.tre	0.00108746	4.52201	0.0727272727273
uce-815-chunk-1.tre	0.239956	3.18982	0.00909090909091
uce-815-chunk-3.tre	0.00153568	2.91225	0.0272727272727
uce-816-chunk-2.tre	0.00000769423	1.17991	0.00909090909091
uce-82-chunk-4.tre	0.0381237	8.06915	0.0636363636364
uce-822-chunk-2.tre	0.214427	3.19234	0.1
uce-822-chunk-3.tre	0.000000000000157555	5.144	0.0272727272727
uce-827-chunk-3.tre	0.000045646	0.502219	0.0181818181818
uce-829-chunk-2.tre	0.000000000000158509	0.478833	0.0363636363636
uce-829-chunk-3.tre	0.00429354	3.2069	0.0181818181818
uce-830-chunk-4.tre	0.000000000000087327	0.0598642	0.0181818181818
uce-830-chunk-5.tre	0.0418384	2.76997	0.172727272727
uce-833-chunk-3.tre	0.000000000000061254	0.119351	0.0181818181818
uce-835-chunk-3.tre	0.00739324	25.7253	0.0454545454545
uce-836-chunk-2.tre	0.0012217	0.085065	0.0272727272727
uce-836-chunk-3.tre	0.000302722	0.329962	0.00909090909091
uce-843-chunk-3.tre	0.0145197	4.12113	0.145454545455
uce-843-chunk-5.tre	0.141362	2.68842	0.0636363636364
uce-844-chunk-4.tre	0.00107991	0.680297	0.00909090909091
uce-846-chunk-4.tre	0.000114174	0.104969	0
uce-846-chunk-5.tre	0.000192971	1.70856	0.0363636363636
uce-858-chunk-4.tre	0.000000000000132749	0.157922	0.0181818181818
uce-860-chunk-4.tre	0.00280074	2.98355	0.00909090909091
uce-860-chunk-5.tre	0.0164958	5.32285	0.145454545455
uce-870-chunk-2.tre	0.000000000000260171	8.36158	0.0363636363636
uce-870-chunk-3.tre	0.12509	43.2778	0.0363636363636
uce-871-chunk-2.tre	0.0000240862	5.07132	0.0909090909091
uce-874-chunk-2.tre	0.000000000000224411	0.546573	0.0272727272727
uce-874-chunk-3.tre	0.00188214	6.16192	0.0727272727273
uce-875-chunk-3.tre	0.0000501628	0.306778	0.00909090909091
uce-879-chunk-1.tre	0.000308601	1.05938	0.00909090909091
uce-879-chunk-3.tre	0.0142363	3.85047	0.0909090909091
uce-88-chunk-2.tre	0.000891855	1.0094	0.00909090909091
uce-88-chunk-3.tre	0.000000000000113762	0.119439	0
uce-881-chunk-3.tre	0.00790303	1.27963	0.0272727272727
uce-881-chunk-5.tre	0	35.4424	0.0272727272727
uce-883-chunk-1.tre	0.000203509	25.5237	0.00909090909091
uce-883-chunk-3.tre	0.000201109	43.0648	0.109090909091
uce-885-chunk-1.tre	0.011127	32.9674	0.118181818182
uce-885-chunk-2.tre	0.00319315	0.154668	0.0272727272727
uce-885-chunk-3.tre	0.0485216	1.60019	0.0363636363636
uce-89-chunk-3.tre	0.0380901	13.9398	0.0909090909091
uce-89-chunk-4.tre	0.000000000000130498	0.0879481	0.0272727272727
uce-891-chunk-2.tre	0.0112082	5.90159	0.0909090909091
uce-893-chunk-3.tre	0.000658941	0.104875	0.0454545454545
uce-894-chunk-2.tre	0.00247066	15.5991	0
uce-894-chunk-4.tre	0	19.7279	0.0272727272727
uce-899-chunk-2.tre	0.0000446639	0.247184	0.00909090909091
uce-899-chunk-3.tre	0.000000000000130992	0.439649	0.00909090909091
uce-899-chunk-4.tre	0.0171477	2.92593	0.0272727272727
uce-901-chunk-3.tre	0.0297188	2.07596	0.0545454545455
uce-902-chunk-2.tre	0.00961457	5.85875	0.0545454545455
uce-902-chunk-3.tre	0.00425642	1.22543	0.0636363636364
uce-909-chunk-3.tre	0.00928031	23.3132	0.0909090909091
uce-909-chunk-4.tre	0.0376451	0.873057	0.0363636363636
uce-910-chunk-2.tre	0.0000000000000401582	0.0639228	0.00909090909091
uce-910-chunk-3.tre	0.00146673	1.19422	0.0454545454545
uce-911-chunk-3.tre	0.0000889109	0.446701	0.0181818181818
uce-911-chunk-4.tre	0.000000000000169037	1.60531	0.0454545454545
uce-913-chunk-3.tre	0.000318003	1.27137	0.0818181818182
uce-913-chunk-4.tre	0.00207394	0.870898	0
uce-913-chunk-5.tre	0.0000882248	5.04119	0.0727272727273
uce-918-chunk-2.tre	0.0000809649	1.00562	0.0363636363636
uce-918-chunk-3.tre	0.00205101	3.86756	0.0636363636364
uce-924-chunk-3.tre	0.00205413	0.125098	0.0181818181818
uce-924-chunk-4.tre	0.000000000000193821	0.271741	0.00909090909091
uce-932-chunk-1.tre	0.000000000000160611	7.17616	0.0727272727273
uce-934-chunk-2.tre	0.00351171	0.90444	0.0454545454545
uce-934-chunk-4.tre	0.0000000000000455504	0.206252	0.0181818181818
uce-934-chunk-5.tre	0.00171977	0.308002	0.0636363636364
uce-949-chunk-3.tre	0.00346546	1.9511	0.0363636363636
uce-951-chunk-2.tre	0.00000000000017053	4.99836	0.0545454545455
uce-952-chunk-4.tre	0.0651296	1.62711	0.0454545454545
uce-954-chunk-2.tre	0.0010779	17.4755	0.118181818182
uce-954-chunk-4.tre	0.0553234	10.2811	0.163636363636
uce-955-chunk-3.tre	0.0161	0.456707	0.00909090909091
uce-955-chunk-4.tre	0.00201421	1.72347	0.0545454545455
uce-96-chunk-3.tre	0.000164644	0.308567	0.0272727272727
uce-960-chunk-3.tre	0.0233986	38.7783	0.0454545454545
uce-960-chunk-4.tre	0.00435033	34.2405	0.0818181818182
uce-961-chunk-3.tre	0.00000962386	0.245046	0.0181818181818
uce-961-chunk-4.tre	0.0944098	18.6449	0.109090909091
uce-972-chunk-3.tre	0.0333626	4.55692	0.0454545454545
uce-973-chunk-3.tre	0.0000000000000524463	0.0865843	0
uce-974-chunk-2.tre	0.0000794435	0.341071	0.0272727272727
uce-986-chunk-2.tre	0.0109346	32.3198	0.0545454545455
