uce-974.tre	0.00204743	1.71837	0.324074074074
uce-580.tre	0.00216081	2.06139	0.212962962963
uce-132.tre	0.00155474	1.65998	0.37037037037
uce-1155.tre	0.0139857	5.22891	0.435185185185
uce-718.tre	0.0121695	5.17826	0.287037037037
uce-3.tre	0.01599	7.05529	0.564814814815
uce-282.tre	0.0307914	5.0242	0.342592592593
uce-600.tre	0.0167318	7.16979	0.416666666667
uce-344.tre	0.0131483	7.63274	0.537037037037
uce-944.tre	0.043462	8.8159	0.407407407407
uce-82.tre	0.0798199	7.66271	0.361111111111
uce-229.tre	0.00361484	1.87441	0.435185185185
uce-932.tre	0.0278127	6.18143	0.37962962963
uce-376.tre	0.0188981	4.67606	0.342592592593
uce-98.tre	0.000756515	2.06999	0.175925925926
uce-1098.tre	0.0112695	4.24276	0.592592592593
uce-1139.tre	0.0662497	11.2226	0.648148148148
uce-1060.tre	0.0237506	6.46599	0.444444444444
uce-1337.tre	0.0742706	10.0437	0.425925925926
uce-1025.tre	0.00563184	3.7928	0.611111111111
uce-321.tre	0.0304743	6.79817	0.37037037037
uce-405.tre	0.000546168	1.01106	0.37037037037
uce-148.tre	0.00466141	4.34214	0.62037037037
uce-699.tre	0.0284003	8.23003	0.62962962963
uce-1321.tre	0.0207304	8.3727	0.490740740741
uce-737.tre	0.00538367	4.57501	0.490740740741
uce-902.tre	0.0197399	6.46963	0.472222222222
uce-976.tre	0.0055856	2.84863	0.472222222222
uce-609.tre	0.00147803	0.944872	0.194444444444
uce-744.tre	0.0106025	4.40412	0.407407407407
uce-859.tre	0.00553478	1.90325	0.268518518519
uce-1173.tre	0.00581336	3.56277	0.351851851852
uce-675.tre	0.254297	8.42414	0.305555555556
uce-152.tre	0.00797062	5.57409	0.407407407407
uce-126.tre	0.0593845	8.80042	0.481481481481
uce-1277.tre	0.00491747	3.21341	0.481481481481
uce-361.tre	6.22961e-05	0.203021	0.0555555555556
uce-414.tre	0.00193583	3.09212	0.398148148148
uce-1310.tre	0.00738409	4.66247	0.324074074074
uce-8.tre	0.00151445	1.94913	0.472222222222
uce-575.tre	0.00738893	3.08858	0.435185185185
uce-749.tre	0.00117289	2.74655	0.277777777778
uce-740.tre	0.0235737	6.38915	0.351851851852
uce-690.tre	0.0887248	8.10581	0.333333333333
uce-1055.tre	9.77246e-05	0.436832	0.12037037037
uce-57.tre	0.0655052	8.01076	0.453703703704
uce-739.tre	0.000953718	2.22501	0.527777777778
uce-258.tre	0.00556251	2.4181	0.37962962963
uce-494.tre	0.0205887	5.2113	0.675925925926
uce-777.tre	0.0105955	5.41364	0.398148148148
uce-393.tre	0.201064	17.1503	0.305555555556
uce-504.tre	0.00416462	1.94935	0.351851851852
uce-963.tre	0.000806939	1.11958	0.287037037037
uce-134.tre	0.0178749	7.53573	0.490740740741
uce-1092.tre	0.0654668	10.6452	0.462962962963
uce-79.tre	0.00111392	1.33891	0.462962962963
uce-615.tre	0.000121653	0.374375	0.0925925925926
uce-756.tre	0.00329854	3.95963	0.416666666667
uce-750.tre	0.0380487	10.3897	0.527777777778
uce-1005.tre	0.00988763	4.01429	0.398148148148
uce-65.tre	0.0134558	9.70501	0.444444444444
uce-987.tre	0.0139687	5.12498	0.453703703704
uce-303.tre	0.000937755	0.742881	0.185185185185
uce-150.tre	0.00545126	2.8483	0.296296296296
uce-49.tre	0.00180989	2.46866	0.592592592593
uce-571.tre	0.0758407	11.0764	0.435185185185
uce-1027.tre	0.00617609	1.66061	0.416666666667
uce-246.tre	0.0122409	3.97372	0.351851851852
uce-713.tre	0.000240019	0.747412	0.416666666667
uce-325.tre	0.0034945	4.03535	0.453703703704
uce-337.tre	0.00474896	2.5029	0.37037037037
uce-1183.tre	0.000794539	1.73482	0.268518518519
uce-110.tre	0.039162	11.4958	0.472222222222
uce-603.tre	0.000162379	0.532249	0.222222222222
uce-16.tre	0.00140982	1.52373	0.240740740741
uce-446.tre	2.4406e-05	0.118724	0.0740740740741
uce-894.tre	0.00488227	2.94095	0.37037037037
uce-406.tre	0.00365047	2.93273	0.472222222222
uce-1118.tre	0.00659819	4.87204	0.583333333333
uce-972.tre	0.0124584	5.18974	0.435185185185
uce-698.tre	0.0318916	9.20611	0.296296296296
uce-1332.tre	0.00464878	3.26816	0.444444444444
uce-373.tre	0.00646395	2.06113	0.518518518519
uce-723.tre	0.0434523	9.75538	0.407407407407
uce-760.tre	0.0118136	2.27569	0.314814814815
uce-648.tre	0.0037565	4.04146	0.592592592593
uce-1137.tre	0.0360227	7.61004	0.342592592593
uce-993.tre	0.000639582	0.898185	0.342592592593
uce-525.tre	0.000346612	0.736855	0.324074074074
uce-34.tre	0.00288842	2.51758	0.185185185185
uce-818.tre	0.00334315	3.18804	0.453703703704
uce-86.tre	0.000418549	0.660058	0.37037037037
uce-391.tre	3.02115e-05	0.0827963	0.0277777777778
uce-232.tre	0.0307393	8.91867	0.407407407407
uce-832.tre	0.0133644	6.62924	0.601851851852
uce-1085.tre	0.00220969	2.94145	0.314814814815
uce-909.tre	0.0218877	7.20664	0.509259259259
uce-794.tre	0.0440783	9.19149	0.509259259259
uce-26.tre	0.0198319	4.58921	0.287037037037
uce-546.tre	0.189923	18.6925	0.546296296296
uce-1187.tre	6.88694e-05	0.276083	0.0648148148148
uce-327.tre	0.00265279	2.12426	0.37037037037
uce-81.tre	0.000377542	0.850679	0.287037037037
uce-442.tre	0.0141306	7.18234	0.407407407407
uce-758.tre	0.002276	1.80687	0.361111111111
uce-949.tre	0.00280384	2.12008	0.37962962963
uce-231.tre	0.0193583	7.42288	0.157407407407
uce-302.tre	0.107183	9.09872	0.425925925926
uce-1246.tre	0.020489	9.43162	0.564814814815
uce-416.tre	0.00224726	1.64464	0.277777777778
uce-252.tre	0.0556456	10.47	0.490740740741
uce-957.tre	0.000498617	0.518377	0.12037037037
uce-154.tre	0.000254812	0.867553	0.324074074074
uce-1267.tre	0.0213021	9.20269	0.490740740741
uce-367.tre	0.00195352	2.04891	0.472222222222
uce-64.tre	0.111547	10.4494	0.324074074074
uce-1050.tre	0.00149031	1.57953	0.305555555556
uce-1024.tre	0.000346283	0.852029	0.351851851852
uce-355.tre	0.0032512	2.47316	0.416666666667
uce-959.tre	0.001264	0.921778	0.175925925926
uce-1312.tre	0.0055753	2.85682	0.546296296296
uce-294.tre	0.014809	4.75257	0.435185185185
uce-837.tre	0.084256	10.3199	0.546296296296
uce-975.tre	0.00167021	2.06835	0.296296296296
uce-464.tre	0.0300083	5.09619	0.361111111111
uce-1214.tre	0.028208	5.20337	0.25
uce-180.tre	0.000375516	0.586761	0.203703703704
uce-490.tre	0.000294514	0.505625	0.203703703704
uce-424.tre	0.000653893	0.788086	0.277777777778
uce-1320.tre	0.0591537	8.59444	0.416666666667
uce-1279.tre	0.00277496	2.89101	0.509259259259
uce-1037.tre	0.000418849	0.924383	0.361111111111
uce-84.tre	0.00288616	1.48882	0.453703703704
uce-368.tre	0.00393255	2.39432	0.638888888889
uce-787.tre	0.00169915	2.56827	0.231481481481
uce-31.tre	0.0003937	0.774201	0.259259259259
uce-784.tre	0.00289338	2.19073	0.472222222222
uce-1206.tre	0.0521667	11.8385	0.462962962963
uce-1242.tre	0.0146499	9.06177	0.481481481481
uce-738.tre	0.00313762	1.77751	0.407407407407
uce-1199.tre	0.0180724	7.0191	0.518518518519
uce-521.tre	0.000345683	0.867171	0.314814814815
uce-843.tre	0.0398976	9.26034	0.342592592593
uce-636.tre	0.0131912	5.71784	0.685185185185
uce-1296.tre	0.00994443	4.19134	0.416666666667
uce-719.tre	0.0763009	11.1606	0.444444444444
uce-927.tre	1.54699	21.2138	0.287037037037
uce-554.tre	0.0373207	9.21334	0.583333333333
uce-627.tre	0.0148697	3.37739	0.268518518519
uce-1123.tre	0.0416067	6.44836	0.416666666667
uce-135.tre	0.000222075	0.454762	0.25
uce-323.tre	0.00229373	2.05156	0.601851851852
uce-814.tre	0.0016956	1.60411	0.388888888889
uce-27.tre	0.00717296	4.5421	0.398148148148
uce-795.tre	0.000767115	1.00541	0.231481481481
uce-573.tre	0.000343614	0.829696	0.194444444444
uce-1091.tre	0.0178839	5.31522	0.675925925926
uce-1219.tre	0.00708105	3.99416	0.342592592593
uce-283.tre	0.00150747	1.41845	0.37037037037
uce-515.tre	7.43316e-05	0.500773	0.037037037037
uce-88.tre	0.00830895	3.48188	0.509259259259
uce-935.tre	0.0555652	12.3862	0.324074074074
uce-860.tre	0.0155149	10.3189	0.472222222222
uce-1072.tre	0.000172591	0.636926	0.240740740741
uce-153.tre	0.0219656	10.052	0.601851851852
uce-915.tre	0.0716048	6.43684	0.425925925926
uce-408.tre	0.0029471	1.68433	0.342592592593
uce-945.tre	0.000264923	1.05356	0.305555555556
uce-377.tre	0.0723959	10.7996	0.546296296296
uce-73.tre	0.0273693	8.21438	0.444444444444
uce-351.tre	0.124005	11.3453	0.398148148148
uce-901.tre	0.0117611	4.39541	0.37037037037
uce-304.tre	0.000700146	0.638223	0.00925925925926
uce-453.tre	0.0115951	5.33036	0.509259259259
uce-924.tre	0.0134796	7.54173	0.564814814815
uce-560.tre	0.000532999	1.51379	0.259259259259
uce-1302.tre	0.0128509	4.27945	0.37962962963
uce-582.tre	0.000739155	0.975815	0.203703703704
uce-764.tre	0.027238	5.27631	0.314814814815
uce-1176.tre	0.0249898	5.04357	0.351851851852
uce-1014.tre	0.0489099	6.02652	0.518518518519
uce-204.tre	0.00189826	1.91525	0.240740740741
uce-497.tre	0.0152974	6.34832	0.416666666667
uce-720.tre	0.0433594	7.44314	0.490740740741
uce-766.tre	0.00300667	3.36968	0.546296296296
uce-129.tre	0.0407138	14.6183	0.314814814815
uce-374.tre	0.614712	15.0668	0.37962962963
uce-833.tre	0.00492216	2.53241	0.407407407407
uce-120.tre	0.00283231	2.48579	0.527777777778
uce-482.tre	0.0101648	4.3263	0.5
uce-183.tre	0.00669265	4.0106	0.277777777778
uce-586.tre	0.0118984	5.2852	0.592592592593
uce-513.tre	0.132435	14.1924	0.453703703704
uce-617.tre	0.0534171	14.354	0.351851851852
uce-333.tre	0.0137444	6.00888	0.564814814815
uce-1317.tre	0.0166442	7.37267	0.62037037037
uce-413.tre	0.0253737	7.75658	0.425925925926
uce-847.tre	0.00609537	3.44753	0.453703703704
uce-530.tre	0.00188035	2.81106	0.490740740741
uce-533.tre	0.00304207	2.41559	0.296296296296
uce-623.tre	0.0632286	11.4256	0.37962962963
uce-1325.tre	0.000352746	1.15426	0.287037037037
uce-422.tre	0.0653842	14.5078	0.611111111111
uce-990.tre	0.00119921	1.57757	0.268518518519
uce-1138.tre	0.0142486	4.06695	0.574074074074
uce-1002.tre	0.0506642	13.3503	0.416666666667
uce-596.tre	0.00117898	1.21449	0.175925925926
uce-262.tre	0.0190563	9.46205	0.453703703704
uce-954.tre	0.0298821	11.5954	0.481481481481
uce-595.tre	0.0027257	2.13335	0.407407407407
uce-952.tre	0.00321992	2.20498	0.462962962963
uce-566.tre	0.0186938	8.92891	0.425925925926
uce-547.tre	0.0114753	5.21247	0.37962962963
uce-630.tre	0.00165981	2.36283	0.212962962963
uce-1035.tre	0.013378	6.78176	0.453703703704
uce-1062.tre	0.00123939	1.5211	0.203703703704
uce-68.tre	0.0251377	7.18482	0.314814814815
uce-808.tre	0.0242465	7.8923	0.518518518519
uce-157.tre	0.00669118	3.53378	0.62962962963
uce-804.tre	0.000914176	1.59412	0.259259259259
uce-495.tre	0.0566414	10.3546	0.240740740741
uce-106.tre	0.0193417	5.15226	0.398148148148
uce-124.tre	0.0323253	8.08386	0.537037037037
uce-1061.tre	0.0345975	10.6125	0.407407407407
uce-501.tre	0.0381067	6.80792	0.453703703704
uce-961.tre	0.0245868	8.15321	0.527777777778
uce-598.tre	0.0132965	5.02102	0.435185185185
uce-559.tre	0.000472679	1.13177	0.185185185185
uce-1075.tre	4.33024e-05	0.380745	0.111111111111
uce-159.tre	0.0772978	13.165	0.268518518519
uce-1249.tre	0.0329946	20.5254	0.231481481481
uce-85.tre	0.00663324	2.38385	0.111111111111
uce-1076.tre	0.00587533	3.8475	0.555555555556
uce-314.tre	0.0251373	13.1128	0.398148148148
uce-640.tre	0.0210324	6.10568	0.398148148148
uce-649.tre	0.0470398	10.7158	0.453703703704
uce-700.tre	0.000380586	1.11467	0.138888888889
uce-773.tre	0.00995413	13.3365	0.583333333333
uce-919.tre	0.000122504	0.325165	0.148148148148
uce-509.tre	0.00100149	1.77738	0.342592592593
uce-529.tre	0.0046048	2.48438	0.333333333333
uce-934.tre	0.0190527	6.55327	0.611111111111
uce-802.tre	0.000511506	0.724247	0.157407407407
uce-1205.tre	0.0943999	8.02334	0.509259259259
uce-1082.tre	0.0352863	7.12666	0.472222222222
uce-656.tre	0.00594379	5.34593	0.666666666667
uce-1087.tre	0.00110814	1.27061	0.268518518519
uce-435.tre	0.00390451	4.35855	0.453703703704
uce-427.tre	0.0251909	7.64704	0.694444444444
uce-363.tre	0.00243718	1.96361	0.388888888889
uce-1323.tre	0.0198052	8.03035	0.62037037037
uce-1301.tre	0.135226	16.3242	0.259259259259
uce-759.tre	0.00479744	2.50029	0.5
uce-1235.tre	0.00165089	2.07872	0.481481481481
uce-251.tre	0.0103641	3.28082	0.564814814815
uce-1040.tre	0.0458762	9.71766	0.462962962963
uce-1179.tre	0.00335556	3.70854	0.62962962963
uce-209.tre	0.00308241	1.91454	0.37962962963
uce-691.tre	0.0401442	11.2127	0.62037037037
uce-1204.tre	0.207492	10.5868	0.509259259259
uce-469.tre	0.000318643	1.10539	0.194444444444
uce-1243.tre	0.00347131	4.47569	0.564814814815
uce-136.tre	0.00243512	2.42118	0.518518518519
uce-874.tre	0.00704341	4.75691	0.555555555556
uce-1256.tre	0.0386593	10.4036	0.574074074074
uce-292.tre	0.561507	22.4327	0.5
uce-968.tre	0.000503863	1.18514	0.462962962963
uce-871.tre	0.00564123	2.83329	0.481481481481
uce-908.tre	0.0207274	5.79127	0.324074074074
uce-335.tre	0.0142967	5.08982	0.453703703704
uce-853.tre	0.0165102	6.29717	0.444444444444
uce-561.tre	0.00143471	1.9359	0.324074074074
uce-728.tre	0.000146743	0.466745	0.212962962963
uce-592.tre	0.0163754	6.83289	0.509259259259
uce-885.tre	0.00372319	3.16534	0.425925925926
uce-287.tre	0.0757418	10.6376	0.490740740741
uce-943.tre	0.000641361	0.670997	0.166666666667
uce-667.tre	0.00492452	3.35779	0.398148148148
uce-743.tre	0.000916556	1.48425	0.453703703704
uce-288.tre	0.0508627	8.05761	0.37962962963
uce-331.tre	0.0144313	6.31004	0.527777777778
uce-149.tre	0.0122138	9.40959	0.435185185185
uce-817.tre	0.000508659	0.708773	0.314814814815
uce-1135.tre	0.0628873	8.49083	0.537037037037
uce-857.tre	0.000197477	0.598796	0.222222222222
uce-911.tre	0.0361171	7.17882	0.518518518519
uce-1174.tre	0.00392544	1.9211	0.444444444444
uce-409.tre	0.0185126	5.69411	0.203703703704
uce-143.tre	0.00643677	3.17912	0.314814814815
uce-516.tre	0.0562308	11.9796	0.592592592593
uce-1074.tre	0.0144867	8.63941	0.444444444444
uce-1008.tre	0.122828	18.3046	0.518518518519
uce-255.tre	0.00126714	1.62623	0.314814814815
uce-704.tre	0.00470155	3.57951	0.62037037037
uce-1113.tre	0.000182263	0.34297	0.194444444444
uce-541.tre	0.00300896	2.27478	0.231481481481
uce-827.tre	0.0118869	3.69205	0.361111111111
uce-542.tre	6.79172e-05	0.453567	0.175925925926
uce-624.tre	0.000336128	0.689265	0.287037037037
uce-1142.tre	0.00332527	2.81378	0.444444444444
uce-811.tre	0.060579	10.1742	0.462962962963
uce-227.tre	0.0245836	8.23448	0.37037037037
uce-378.tre	0.00119124	1.42442	0.333333333333
uce-2.tre	0.00502504	4.21433	0.481481481481
uce-316.tre	0.000713577	2.44418	0.305555555556
uce-510.tre	0.0792605	8.68049	0.166666666667
uce-299.tre	0.000751583	1.74017	0.268518518519
uce-614.tre	0.018014	4.12496	0.296296296296
uce-295.tre	0.00460043	4.68316	0.416666666667
uce-365.tre	0.0042821	3.54282	0.490740740741
uce-891.tre	0.0498794	7.69485	0.509259259259
uce-253.tre	0.00131201	1.61828	0.185185185185
uce-601.tre	0.00824232	2.81169	0.157407407407
uce-526.tre	0.00109244	1.45609	0.333333333333
uce-99.tre	0.0687501	5.21069	0.222222222222
uce-307.tre	0.000209869	0.528146	0.12037037037
uce-973.tre	0.033959	4.8267	0.444444444444
uce-438.tre	0.0298449	7.17258	0.398148148148
uce-297.tre	0.00127296	2.16163	0.490740740741
uce-537.tre	0.000237981	0.902459	0.259259259259
uce-605.tre	4.01404e-05	0.174005	0.0833333333333
uce-318.tre	0.0377614	11.3228	0.472222222222
uce-341.tre	0.00422991	3.1475	0.148148148148
uce-1286.tre	0.000736068	1.33828	0.416666666667
uce-388.tre	0.00266145	1.56442	0.351851851852
uce-348.tre	0.0439849	9.56177	0.472222222222
uce-6.tre	0.00161712	1.23704	0.324074074074
uce-71.tre	0.00781503	5.04613	0.37962962963
uce-844.tre	0.188001	15.6508	0.416666666667
uce-1192.tre	0.00011662	0.263009	0.0740740740741
uce-731.tre	0.000496783	1.10879	0.324074074074
uce-697.tre	0.00401319	2.43045	0.425925925926
uce-449.tre	0.0348331	6.89319	0.574074074074
uce-581.tre	0.0425265	6.50497	0.509259259259
uce-496.tre	0.0793556	9.07532	0.333333333333
uce-206.tre	2.64535e-05	0.225949	0.0833333333333
uce-788.tre	0.0518985	12.9901	0.462962962963
uce-387.tre	0.0112849	7.0599	0.398148148148
uce-673.tre	0.0145355	7.0232	0.361111111111
uce-779.tre	0.00905057	5.41534	0.342592592593
uce-1140.tre	0.00425104	3.37029	0.425925925926
uce-1165.tre	0.00470563	4.78517	0.518518518519
uce-522.tre	0.00209096	2.24583	0.342592592593
uce-1160.tre	0.030766	11.7012	0.296296296296
uce-67.tre	0.0439831	8.82098	0.37962962963
uce-1181.tre	0.057459	6.78817	0.388888888889
uce-1122.tre	0.000951425	1.79487	0.435185185185
uce-682.tre	0.00258042	3.24631	0.324074074074
uce-220.tre	0.169961	16.0483	0.537037037037
uce-1209.tre	0.000322194	0.572378	0.259259259259
uce-468.tre	0.0356328	9.00159	0.611111111111
uce-37.tre	0.00402467	4.06393	0.435185185185
uce-761.tre	0.00330855	3.39586	0.148148148148
uce-1190.tre	0.0510361	8.14521	0.37962962963
uce-420.tre	0.00445546	3.05547	0.444444444444
uce-748.tre	0.000811327	1.0681	0.342592592593
uce-19.tre	0.107755	18.8575	0.462962962963
uce-1041.tre	0.0340651	6.38553	0.425925925926
uce-18.tre	0.0139772	42.0649	0.564814814815
uce-1186.tre	0.00152696	2.38459	0.472222222222
uce-1007.tre	0.000236104	0.6052	0.296296296296
uce-1282.tre	7.4682e-05	0.338412	0.12037037037
uce-358.tre	0.00441999	3.39843	0.425925925926
uce-870.tre	0.0145281	4.36546	0.37037037037
uce-127.tre	0.00139954	1.327	0.138888888889
uce-608.tre	0.00116679	1.41454	0.37037037037
uce-277.tre	0.162078	17.687	0.462962962963
uce-712.tre	0.00245967	2.33958	0.546296296296
uce-550.tre	0.0485356	7.96209	0.388888888889
uce-757.tre	0.000324786	1.35936	0.25
uce-854.tre	0.00626183	4.80323	0.527777777778
uce-540.tre	0.148026	13.8886	0.490740740741
uce-291.tre	0.000301275	0.581993	0.222222222222
uce-830.tre	0.335014	36.0676	0.518518518519
uce-390.tre	0.00978137	7.48643	0.425925925926
uce-579.tre	0.000505979	0.91472	0.435185185185
uce-222.tre	0.0231121	6.64362	0.5
uce-259.tre	0.112857	33.0706	0.407407407407
uce-286.tre	8.56006e-05	0.370593	0.240740740741
uce-1001.tre	0.0627621	5.8741	0.138888888889
uce-722.tre	0.409639	20.5467	0.509259259259
uce-298.tre	0.00568581	4.82087	0.62037037037
uce-46.tre	0.0021412	3.27099	0.333333333333
uce-669.tre	0.00174431	1.53431	0.37037037037
uce-472.tre	0.00498754	4.38379	0.435185185185
uce-247.tre	0.00783678	3.37069	0.388888888889
uce-619.tre	0.0212165	9.46837	0.537037037037
uce-392.tre	0.097716	13.6124	0.361111111111
uce-261.tre	0.0608766	12.2684	0.314814814815
uce-486.tre	0.0810961	11.7571	0.398148148148
uce-1220.tre	0.0452709	10.4725	0.592592592593
uce-881.tre	0.0237481	8.93223	0.435185185185
uce-625.tre	0.004102	3.46563	0.462962962963
uce-1244.tre	0.00835214	5.49083	0.472222222222
uce-1177.tre	0.000102729	0.538435	0.12037037037
uce-1121.tre	0.234068	17.1943	0.5
uce-1241.tre	0.0765198	11.179	0.333333333333
uce-1097.tre	0.0103924	2.98609	0.277777777778
uce-1212.tre	0.00617264	3.77908	0.546296296296
uce-21.tre	0.00574061	2.80305	0.305555555556
uce-28.tre	0.00493696	2.70281	0.185185185185
uce-618.tre	0.0141586	8.75347	0.444444444444
uce-61.tre	0.0231556	9.74782	0.564814814815
uce-1200.tre	0.0115179	4.28049	0.555555555556
uce-593.tre	0.379574	8.0386	0.472222222222
uce-1146.tre	0.0194099	7.87974	0.583333333333
uce-1260.tre	0.00227376	2.07662	0.453703703704
uce-651.tre	0.0106909	4.03947	0.407407407407
uce-1086.tre	0.00111232	1.56542	0.314814814815
uce-1063.tre	0.0182055	6.34738	0.388888888889
uce-1042.tre	0.000284958	0.635254	0.222222222222
uce-893.tre	0.0608604	12.6436	0.37037037037
uce-1171.tre	0.00707908	1.8584	0.416666666667
uce-1257.tre	0.0639023	10.2977	0.453703703704
uce-185.tre	0.0356031	4.36376	0.361111111111
uce-265.tre	0.102251	16.4467	0.555555555556
uce-1308.tre	0.00401293	2.76014	0.314814814815
uce-175.tre	0.000166541	0.52504	0.231481481481
uce-1224.tre	0.00375548	3.83459	0.37962962963
uce-1336.tre	0.0171488	5.54348	0.509259259259
uce-311.tre	0.0184712	7.08784	0.212962962963
uce-752.tre	0.00568717	3.82298	0.62962962963
uce-1335.tre	0.00335273	3.75675	0.518518518519
uce-432.tre	0.000945725	1.55268	0.37037037037
uce-1110.tre	0.0143651	5.06113	0.314814814815
uce-239.tre	0.0263328	7.02828	0.425925925926
uce-1132.tre	0.0255504	9.40027	0.546296296296
uce-1196.tre	0.045799	6.68479	0.574074074074
uce-437.tre	0.0431301	13.6251	0.555555555556
uce-160.tre	0.00934936	5.22601	0.407407407407
uce-1228.tre	0.00113337	1.67545	0.361111111111
uce-460.tre	0.00129792	0.698383	0.175925925926
uce-555.tre	0.00234946	2.49864	0.416666666667
uce-108.tre	0.00427546	2.83448	0.453703703704
uce-54.tre	0.0447494	7.33605	0.462962962963
uce-813.tre	0.00080154	1.48146	0.305555555556
uce-816.tre	0.00284493	9.57126	0.287037037037
uce-476.tre	0.0216154	3.24361	0.361111111111
uce-913.tre	0.019215	7.22453	0.546296296296
uce-1143.tre	0.0163118	5.88631	0.407407407407
uce-1018.tre	0.00211486	2.06032	0.361111111111
uce-188.tre	0.00665547	2.77662	0.490740740741
uce-1148.tre	0.00338621	1.78288	0.277777777778
uce-139.tre	0.0137887	5.55632	0.305555555556
uce-1095.tre	0.00371976	2.37369	0.546296296296
uce-791.tre	0.00165998	1.40184	0.222222222222
uce-309.tre	0.000821935	1.53492	0.361111111111
uce-1285.tre	0.00344576	2.16553	0.351851851852
uce-276.tre	0.0160156	7.70781	0.546296296296
uce-597.tre	0.0228161	4.8378	0.287037037037
uce-43.tre	0.017606	3.69228	0.490740740741
uce-801.tre	0.00732438	1.94792	0.305555555556
uce-465.tre	0.0029158	2.0897	0.435185185185
uce-1136.tre	0.00504767	3.09896	0.657407407407
uce-661.tre	0.0119311	4.00894	0.518518518519
uce-732.tre	0.00156272	3.02083	0.537037037037
uce-1299.tre	0.0445477	8.42851	0.324074074074
uce-855.tre	0.00141974	1.89876	0.185185185185
uce-346.tre	0.113283	12.479	0.342592592593
uce-883.tre	0.00509332	3.19217	0.462962962963
uce-371.tre	0.00379175	2.63015	0.314814814815
uce-979.tre	0.0141401	5.16453	0.166666666667
uce-966.tre	0.00991316	42.8582	0.268518518519
uce-1175.tre	0.0321414	7.82083	0.333333333333
uce-702.tre	0.0102376	3.71651	0.361111111111
uce-951.tre	0.00417019	2.35404	0.527777777778
uce-1211.tre	0.0419557	8.96019	0.342592592593
uce-714.tre	0.160767	12.5225	0.462962962963
uce-176.tre	0.0366422	7.87501	0.333333333333
uce-205.tre	0.00398856	1.72436	0.5
uce-454.tre	0.00279746	3.63068	0.185185185185
uce-1101.tre	0.0113799	6.45599	0.564814814815
uce-1251.tre	0.000998482	1.34244	0.37037037037
uce-90.tre	0.00185165	1.71984	0.564814814815
uce-1125.tre	0.000445322	0.602843	0.240740740741
uce-754.tre	0.0355021	10.441	0.388888888889
uce-1232.tre	0.012981	6.01574	0.601851851852
uce-1028.tre	0.0164671	5.06678	0.231481481481
uce-587.tre	0.0155775	7.84614	0.490740740741
uce-386.tre	0.0117155	4.70828	0.37962962963
uce-466.tre	0.00511189	1.42907	0.157407407407
uce-910.tre	0.00260535	2.9218	0.259259259259
uce-1287.tre	0.00997745	3.37067	0.407407407407
uce-568.tre	0.0349357	6.68761	0.592592592593
uce-319.tre	0.00441957	3.1474	0.5
uce-1126.tre	0.00269028	1.6185	0.277777777778
uce-30.tre	0.016229	6.73748	0.361111111111
uce-577.tre	0.0126968	5.48281	0.287037037037
uce-1015.tre	0.205146	19.1829	0.509259259259
uce-829.tre	0.783694	30.5996	0.444444444444
uce-923.tre	0.02603	5.62449	0.481481481481
uce-275.tre	0.0148262	3.90547	0.583333333333
uce-946.tre	0.000851952	2.94102	0.37037037037
uce-332.tre	0.0017761	1.5336	0.268518518519
uce-867.tre	0.000637954	1.24143	0.305555555556
uce-572.tre	0.000789206	1.22074	0.157407407407
uce-650.tre	0.00388218	1.64253	0.388888888889
uce-444.tre	0.00223448	3.75479	0.490740740741
uce-503.tre	0.0062449	2.5845	0.361111111111
uce-583.tre	0.00394139	2.48785	0.324074074074
uce-238.tre	0.0357728	28.8472	0.490740740741
uce-96.tre	0.0301666	5.78644	0.425925925926
uce-305.tre	0.000199743	0.472779	0.0462962962963
uce-200.tre	0.0243729	5.0112	0.435185185185
uce-846.tre	0.030845	8.15312	0.537037037037
uce-1046.tre	0.0273173	7.86113	0.490740740741
uce-807.tre	0.0492077	10.8367	0.157407407407
uce-933.tre	0.00241899	2.63678	0.481481481481
uce-558.tre	0.00769404	3.41591	0.425925925926
uce-443.tre	8.19046e-05	0.517415	0.203703703704
uce-359.tre	0.00736158	3.60578	0.555555555556
uce-345.tre	0.0414173	11.4679	0.574074074074
uce-955.tre	0.00997879	6.04884	0.259259259259
uce-1225.tre	0.00466194	4.66743	0.324074074074
uce-1099.tre	0.00308827	2.81956	0.388888888889
uce-119.tre	0.000242191	0.72008	0.444444444444
uce-116.tre	0.016772	8.07422	0.37037037037
uce-362.tre	0.00122054	1.43763	0.324074074074
uce-48.tre	0.01654	4.39637	0.537037037037
uce-121.tre	0.00166831	1.97242	0.574074074074
uce-1273.tre	0.149009	14.9027	0.509259259259
uce-1270.tre	0.0520092	10.264	0.490740740741
uce-815.tre	0.0335327	5.81432	0.351851851852
uce-1230.tre	0.0330341	6.39264	0.324074074074
uce-1288.tre	0.0277121	21.6206	0.490740740741
uce-89.tre	0.0132559	7.09394	0.324074074074
uce-960.tre	0.00761511	3.25557	0.453703703704
uce-879.tre	0.019584	11.5921	0.462962962963
uce-1073.tre	0.021729	8.51705	0.435185185185
uce-875.tre	0.00241843	2.91004	0.444444444444
uce-694.tre	0.0249207	4.95331	0.481481481481
uce-192.tre	0.00672504	3.09377	0.25
uce-489.tre	0.0214315	7.24927	0.564814814815
uce-101.tre	0.00955538	6.85952	0.287037037037
uce-1184.tre	0.010921	5.71567	0.638888888889
uce-646.tre	0.00664035	3.00921	0.212962962963
uce-1239.tre	0.0333278	7.77719	0.509259259259
uce-638.tre	0.00346328	2.82164	0.324074074074
uce-1134.tre	0.0314347	4.29683	0.240740740741
uce-315.tre	6.30747e-05	0.405621	0.0648148148148
uce-289.tre	0.000985575	1.0442	0.148148148148
uce-982.tre	0.0017237	1.6306	0.527777777778
uce-1034.tre	0.0350162	10.352	0.546296296296
uce-1022.tre	0.106361	7.42723	0.537037037037
uce-549.tre	0.00854745	5.26106	0.490740740741
uce-1054.tre	5.79781e-05	0.220831	0.0833333333333
uce-107.tre	0.00711354	3.4671	0.638888888889
uce-986.tre	0.0142643	4.67675	0.342592592593
uce-404.tre	0.00019603	0.405364	0.0833333333333
uce-411.tre	0.00805721	7.16744	0.287037037037
uce-172.tre	0.0732551	9.18123	0.490740740741
uce-163.tre	0.00271201	2.25352	0.444444444444
uce-805.tre	0.000176945	0.741426	0.277777777778
uce-418.tre	0.00739384	3.66925	0.416666666667
uce-706.tre	0.00361716	2.10693	0.342592592593
uce-751.tre	0.0312748	8.10989	0.361111111111
uce-500.tre	0.00572955	3.79894	0.62962962963
uce-717.tre	1.48418	21.6431	0.148148148148
uce-330.tre	0.000500062	0.755847	0.037037037037
uce-822.tre	0.0405407	9.09747	0.462962962963
uce-473.tre	0.0152548	4.54598	0.444444444444
uce-708.tre	0.0132585	11.6182	0.305555555556
uce-1004.tre	0.0135149	6.62985	0.555555555556
uce-672.tre	0.0052291	4.12779	0.407407407407
uce-645.tre	7.93837e-05	0.283232	0.138888888889
uce-505.tre	0.0111139	4.94238	0.472222222222
uce-858.tre	0.0262901	9.06101	0.5
uce-426.tre	0.0636972	13.1423	0.37037037037
uce-235.tre	0.00502449	5.19212	0.240740740741
uce-1093.tre	0.0294548	8.62903	0.453703703704
uce-1009.tre	0.0206881	6.07687	0.388888888889
uce-899.tre	0.00482093	3.54518	0.527777777778
uce-705.tre	0.000223188	0.518559	0.175925925926
uce-578.tre	0.0853971	10.9978	0.453703703704
uce-1293.tre	0.0408164	7.68904	0.564814814815
uce-219.tre	0.0248868	6.66206	0.5
uce-1334.tre	0.000175449	0.700498	0.175925925926
uce-450.tre	0.108588	12.4083	0.555555555556
uce-430.tre	0.00282491	2.81407	0.342592592593
uce-1080.tre	0.000573304	0.833528	0.268518518519
uce-755.tre	0.0319524	6.83815	0.518518518519
uce-523.tre	0.00426304	5.10129	0.472222222222
uce-535.tre	0.0061227	2.58887	0.416666666667
uce-340.tre	0.000123807	0.587923	0.259259259259
uce-383.tre	0.0060657	2.89593	0.425925925926
uce-434.tre	0.0237752	8.23627	0.574074074074
uce-334.tre	0.00891956	3.83631	0.37962962963
uce-775.tre	0.00121859	2.14556	0.416666666667
uce-862.tre	0.10865	14.2141	0.546296296296
uce-556.tre	0.00588018	4.92864	0.555555555556
uce-401.tre	0.0239713	6.60824	0.296296296296
uce-201.tre	0.0399341	7.17612	0.453703703704
uce-313.tre	0.334451	14.4694	0.398148148148
uce-131.tre	0.0006904	1.95342	0.25
uce-218.tre	0.0668737	9.78556	0.305555555556
uce-167.tre	0.0206958	11.0459	0.435185185185
uce-372.tre	0.0522801	7.7697	0.222222222222
uce-659.tre	0.024773	10.5684	0.407407407407
uce-653.tre	0.0293637	7.36662	0.435185185185
uce-155.tre	0.00376756	2.38664	0.203703703704
uce-655.tre	7.07822e-05	0.395989	0.12037037037
uce-997.tre	0.00388233	1.43381	0.361111111111
uce-1278.tre	0.0234711	4.43352	0.361111111111
uce-485.tre	0.0350009	9.35624	0.166666666667
uce-918.tre	0.00133681	3.04893	0.462962962963
uce-7.tre	0.00678579	3.20482	0.240740740741
uce-161.tre	0.00194831	3.85411	0.509259259259
uce-1168.tre	0.000906113	1.15294	0.157407407407
uce-835.tre	0.0532704	13.9927	0.37962962963
uce-836.tre	0.0354733	7.28877	0.388888888889
uce-1112.tre	0.0055871	2.14954	0.287037037037
uce-1096.tre	0.0177091	4.95167	0.546296296296
uce-799.tre	0.00231334	2.52982	0.518518518519
uce-792.tre	0.000987805	1.31552	0.231481481481
uce-199.tre	0.0255445	9.83093	0.398148148148
